1 1 9999 -180 85
1 2 9999 -175 85
1 3 9999 -170 85
1 4 9999 -165 85
1 5 9999 -160 85
1 6 9999 -155 85
1 7 9999 -150 85
1 8 9999 -145 85
1 9 9999 -140 85
1 10 9999 -135 85
1 11 9999 -130 85
1 12 9999 -125 85
1 13 9999 -120 85
1 14 9999 -115 85
1 15 9999 -110 85
1 16 9999 -105 85
1 17 9999 -100 85
1 18 9999 -95 85
1 19 9999 -90 85
1 20 9999 -85 85
1 21 9999 -80 85
1 22 9999 -75 85
1 23 9999 -70 85
1 24 9999 -65 85
1 25 9999 -60 85
1 26 9999 -55 85
1 27 9999 -50 85
1 28 9999 -45 85
1 29 9999 -40 85
1 30 9999 -35 85
1 31 9999 -30 85
1 32 9999 -25 85
1 33 9999 -20 85
1 34 9999 -15 85
1 35 9999 -10 85
1 36 9999 -5 85
1 37 9999 0 85
1 38 9999 5 85
1 39 9999 10 85
1 40 9999 15 85
1 41 9999 20 85
1 42 9999 25 85
1 43 9999 30 85
1 44 9999 35 85
1 45 9999 40 85
1 46 9999 45 85
1 47 9999 50 85
1 48 9999 55 85
1 49 9999 60 85
1 50 9999 65 85
1 51 9999 70 85
1 52 9999 75 85
1 53 9999 80 85
1 54 9999 85 85
1 55 9999 90 85
1 56 9999 95 85
1 57 9999 100 85
1 58 9999 105 85
1 59 9999 110 85
1 60 9999 115 85
1 61 9999 120 85
1 62 9999 125 85
1 63 9999 130 85
1 64 9999 135 85
1 65 9999 140 85
1 66 9999 145 85
1 67 9999 150 85
1 68 9999 155 85
1 69 9999 160 85
1 70 9999 165 85
1 71 9999 170 85
1 72 9999 175 85
2 1 9999 -180 80
2 2 9999 -175 80
2 3 9999 -170 80
2 4 9999 -165 80
2 5 9999 -160 80
2 6 9999 -155 80
2 7 9999 -150 80
2 8 9999 -145 80
2 9 9999 -140 80
2 10 9999 -135 80
2 11 9999 -130 80
2 12 9999 -125 80
2 13 9999 -120 80
2 14 9999 -115 80
2 15 9999 -110 80
2 16 9999 -105 80
2 17 9999 -100 80
2 18 9999 -95 80
2 19 9999 -90 80
2 20 9999 -85 80
2 21 9999 -80 80
2 22 9999 -75 80
2 23 9999 -70 80
2 24 9999 -65 80
2 25 9999 -60 80
2 26 9999 -55 80
2 27 9999 -50 80
2 28 9999 -45 80
2 29 9999 -40 80
2 30 9999 -35 80
2 31 9999 -30 80
2 32 9999 -25 80
2 33 9999 -20 80
2 34 9999 -15 80
2 35 9999 -10 80
2 36 9999 -5 80
2 37 9999 0 80
2 38 9999 5 80
2 39 9999 10 80
2 40 9999 15 80
2 41 9999 20 80
2 42 9999 25 80
2 43 9999 30 80
2 44 9999 35 80
2 45 9999 40 80
2 46 9999 45 80
2 47 9999 50 80
2 48 9999 55 80
2 49 9999 60 80
2 50 9999 65 80
2 51 9999 70 80
2 52 9999 75 80
2 53 9999 80 80
2 54 9999 85 80
2 55 9999 90 80
2 56 9999 95 80
2 57 9999 100 80
2 58 9999 105 80
2 59 9999 110 80
2 60 9999 115 80
2 61 9999 120 80
2 62 9999 125 80
2 63 9999 130 80
2 64 9999 135 80
2 65 9999 140 80
2 66 9999 145 80
2 67 9999 150 80
2 68 9999 155 80
2 69 9999 160 80
2 70 9999 165 80
2 71 9999 170 80
2 72 9999 175 80
3 1 9999 -180 75
3 2 9999 -175 75
3 3 9999 -170 75
3 4 9999 -165 75
3 5 9999 -160 75
3 6 9999 -155 75
3 7 9999 -150 75
3 8 9999 -145 75
3 9 9999 -140 75
3 10 9999 -135 75
3 11 9999 -130 75
3 12 9999 -125 75
3 13 9999 -120 75
3 14 9999 -115 75
3 15 9999 -110 75
3 16 9999 -105 75
3 17 9999 -100 75
3 18 9999 -95 75
3 19 9999 -90 75
3 20 9999 -85 75
3 21 9999 -80 75
3 22 9999 -75 75
3 23 9999 -70 75
3 24 9999 -65 75
3 25 9999 -60 75
3 26 9999 -55 75
3 27 9999 -50 75
3 28 9999 -45 75
3 29 9999 -40 75
3 30 9999 -35 75
3 31 9999 -30 75
3 32 9999 -25 75
3 33 393 -20 75
3 34 9999 -15 75
3 35 0 -10 75
3 36 9999 -5 75
3 37 9999 0 75
3 38 9999 5 75
3 39 9999 10 75
3 40 9999 15 75
3 41 9 20 75
3 42 9999 25 75
3 43 9999 30 75
3 44 9999 35 75
3 45 9999 40 75
3 46 9999 45 75
3 47 9999 50 75
3 48 9999 55 75
3 49 9999 60 75
3 50 9999 65 75
3 51 9999 70 75
3 52 9999 75 75
3 53 9999 80 75
3 54 9999 85 75
3 55 9999 90 75
3 56 9999 95 75
3 57 9999 100 75
3 58 9999 105 75
3 59 9999 110 75
3 60 9999 115 75
3 61 9999 120 75
3 62 9999 125 75
3 63 9999 130 75
3 64 9999 135 75
3 65 9999 140 75
3 66 9999 145 75
3 67 9999 150 75
3 68 9999 155 75
3 69 9999 160 75
3 70 9999 165 75
3 71 9999 170 75
3 72 9999 175 75
4 1 9999 -180 70
4 2 9999 -175 70
4 3 9999 -170 70
4 4 9999 -165 70
4 5 9999 -160 70
4 6 9999 -155 70
4 7 9999 -150 70
4 8 9999 -145 70
4 9 9999 -140 70
4 10 9999 -135 70
4 11 9999 -130 70
4 12 9999 -125 70
4 13 9999 -120 70
4 14 9999 -115 70
4 15 9999 -110 70
4 16 9999 -105 70
4 17 9999 -100 70
4 18 9999 -95 70
4 19 9999 -90 70
4 20 9999 -85 70
4 21 9999 -80 70
4 22 9999 -75 70
4 23 9999 -70 70
4 24 9999 -65 70
4 25 9999 -60 70
4 26 9999 -55 70
4 27 9999 -50 70
4 28 9999 -45 70
4 29 9999 -40 70
4 30 9999 -35 70
4 31 9999 -30 70
4 32 9999 -25 70
4 33 9999 -20 70
4 34 9999 -15 70
4 35 9999 -10 70
4 36 9999 -5 70
4 37 9999 0 70
4 38 9999 5 70
4 39 9999 10 70
4 40 9999 15 70
4 41 9999 20 70
4 42 9999 25 70
4 43 9999 30 70
4 44 9999 35 70
4 45 9999 40 70
4 46 9999 45 70
4 47 9999 50 70
4 48 9999 55 70
4 49 9999 60 70
4 50 9999 65 70
4 51 9999 70 70
4 52 9999 75 70
4 53 9999 80 70
4 54 9999 85 70
4 55 9999 90 70
4 56 9999 95 70
4 57 9999 100 70
4 58 9999 105 70
4 59 9999 110 70
4 60 9999 115 70
4 61 9999 120 70
4 62 9999 125 70
4 63 9999 130 70
4 64 9999 135 70
4 65 9999 140 70
4 66 9999 145 70
4 67 9999 150 70
4 68 9999 155 70
4 69 9999 160 70
4 70 9999 165 70
4 71 9999 170 70
4 72 9999 175 70
5 1 9999 -180 65
5 2 9999 -175 65
5 3 9999 -170 65
5 4 9999 -165 65
5 5 9999 -160 65
5 6 9999 -155 65
5 7 9999 -150 65
5 8 9999 -145 65
5 9 9999 -140 65
5 10 9999 -135 65
5 11 9999 -130 65
5 12 9999 -125 65
5 13 9999 -120 65
5 14 9999 -115 65
5 15 9999 -110 65
5 16 9999 -105 65
5 17 9999 -100 65
5 18 9999 -95 65
5 19 9999 -90 65
5 20 9999 -85 65
5 21 9999 -80 65
5 22 9999 -75 65
5 23 9999 -70 65
5 24 9999 -65 65
5 25 9999 -60 65
5 26 9999 -55 65
5 27 9999 -50 65
5 28 9999 -45 65
5 29 9999 -40 65
5 30 9999 -35 65
5 31 9999 -30 65
5 32 9999 -25 65
5 33 3 -20 65
5 34 9999 -15 65
5 35 0 -10 65
5 36 9999 -5 65
5 37 9999 0 65
5 38 9999 5 65
5 39 9999 10 65
5 40 9999 15 65
5 41 3 20 65
5 42 9999 25 65
5 43 9999 30 65
5 44 9999 35 65
5 45 9999 40 65
5 46 9999 45 65
5 47 9999 50 65
5 48 9999 55 65
5 49 9999 60 65
5 50 9999 65 65
5 51 9999 70 65
5 52 9999 75 65
5 53 9999 80 65
5 54 9999 85 65
5 55 9999 90 65
5 56 9999 95 65
5 57 9999 100 65
5 58 9999 105 65
5 59 9999 110 65
5 60 9999 115 65
5 61 9999 120 65
5 62 9999 125 65
5 63 9999 130 65
5 64 9999 135 65
5 65 9999 140 65
5 66 9999 145 65
5 67 9999 150 65
5 68 9999 155 65
5 69 9999 160 65
5 70 9999 165 65
5 71 9999 170 65
5 72 9999 175 65
6 1 9999 -180 60
6 2 9999 -175 60
6 3 9999 -170 60
6 4 9999 -165 60
6 5 9999 -160 60
6 6 9999 -155 60
6 7 9999 -150 60
6 8 9999 -145 60
6 9 9999 -140 60
6 10 9999 -135 60
6 11 9999 -130 60
6 12 9999 -125 60
6 13 9999 -120 60
6 14 9999 -115 60
6 15 9999 -110 60
6 16 9999 -105 60
6 17 9999 -100 60
6 18 9999 -95 60
6 19 9999 -90 60
6 20 9999 -85 60
6 21 9999 -80 60
6 22 9999 -75 60
6 23 9999 -70 60
6 24 9999 -65 60
6 25 9999 -60 60
6 26 9999 -55 60
6 27 9999 -50 60
6 28 9999 -45 60
6 29 9999 -40 60
6 30 9999 -35 60
6 31 9999 -30 60
6 32 7 -25 60
6 33 7 -20 60
6 34 5 -15 60
6 35 4 -10 60
6 36 5 -5 60
6 37 5 0 60
6 38 5 5 60
6 39 5 10 60
6 40 10 15 60
6 41 393 20 60
6 42 393 25 60
6 43 393 30 60
6 44 393 35 60
6 45 5 40 60
6 46 6 45 60
6 47 5 50 60
6 48 5 55 60
6 49 5 60 60
6 50 5 65 60
6 51 5 70 60
6 52 4 75 60
6 53 6 80 60
6 54 9 85 60
6 55 393 90 60
6 56 393 95 60
6 57 393 100 60
6 58 9999 105 60
6 59 9999 110 60
6 60 9999 115 60
6 61 9999 120 60
6 62 9999 125 60
6 63 9999 130 60
6 64 9999 135 60
6 65 9999 140 60
6 66 9999 145 60
6 67 9999 150 60
6 68 9999 155 60
6 69 9999 160 60
6 70 9999 165 60
6 71 9999 170 60
6 72 9999 175 60
7 1 9999 -180 55
7 2 9999 -175 55
7 3 9999 -170 55
7 4 9999 -165 55
7 5 9999 -160 55
7 6 9999 -155 55
7 7 9999 -150 55
7 8 9999 -145 55
7 9 9999 -140 55
7 10 9999 -135 55
7 11 9999 -130 55
7 12 9999 -125 55
7 13 9999 -120 55
7 14 9999 -115 55
7 15 9999 -110 55
7 16 9999 -105 55
7 17 9999 -100 55
7 18 9999 -95 55
7 19 9999 -90 55
7 20 9999 -85 55
7 21 9999 -80 55
7 22 9999 -75 55
7 23 9999 -70 55
7 24 9999 -65 55
7 25 9999 -60 55
7 26 9999 -55 55
7 27 9999 -50 55
7 28 9999 -45 55
7 29 9999 -40 55
7 30 9999 -35 55
7 31 9999 -30 55
7 32 9999 -25 55
7 33 5 -20 55
7 34 393 -15 55
7 35 5 -10 55
7 36 9999 -5 55
7 37 9999 0 55
7 38 9999 5 55
7 39 9999 10 55
7 40 9999 15 55
7 41 3 20 55
7 42 393 25 55
7 43 393 30 55
7 44 9999 35 55
7 45 9999 40 55
7 46 9999 45 55
7 47 9999 50 55
7 48 9999 55 55
7 49 9999 60 55
7 50 9999 65 55
7 51 9999 70 55
7 52 9999 75 55
7 53 9999 80 55
7 54 9999 85 55
7 55 9999 90 55
7 56 9999 95 55
7 57 9999 100 55
7 58 9999 105 55
7 59 9999 110 55
7 60 9999 115 55
7 61 9999 120 55
7 62 9999 125 55
7 63 9999 130 55
7 64 9999 135 55
7 65 9999 140 55
7 66 9999 145 55
7 67 9999 150 55
7 68 9999 155 55
7 69 9999 160 55
7 70 9999 165 55
7 71 9999 170 55
7 72 9999 175 55
8 1 9999 -180 50
8 2 9999 -175 50
8 3 9999 -170 50
8 4 9999 -165 50
8 5 9999 -160 50
8 6 9999 -155 50
8 7 9999 -150 50
8 8 9999 -145 50
8 9 9999 -140 50
8 10 9999 -135 50
8 11 9999 -130 50
8 12 9999 -125 50
8 13 9999 -120 50
8 14 9999 -115 50
8 15 9999 -110 50
8 16 9999 -105 50
8 17 9999 -100 50
8 18 9999 -95 50
8 19 9999 -90 50
8 20 9999 -85 50
8 21 9999 -80 50
8 22 9999 -75 50
8 23 9999 -70 50
8 24 9999 -65 50
8 25 9999 -60 50
8 26 9999 -55 50
8 27 9999 -50 50
8 28 9999 -45 50
8 29 9999 -40 50
8 30 9999 -35 50
8 31 9999 -30 50
8 32 9999 -25 50
8 33 7 -20 50
8 34 4 -15 50
8 35 393 -10 50
8 36 9999 -5 50
8 37 9999 0 50
8 38 9999 5 50
8 39 9999 10 50
8 40 9999 15 50
8 41 3 20 50
8 42 393 25 50
8 43 393 30 50
8 44 9999 35 50
8 45 9999 40 50
8 46 9999 45 50
8 47 9999 50 50
8 48 9999 55 50
8 49 9999 60 50
8 50 9999 65 50
8 51 9999 70 50
8 52 9999 75 50
8 53 9999 80 50
8 54 9999 85 50
8 55 9999 90 50
8 56 9999 95 50
8 57 9999 100 50
8 58 9999 105 50
8 59 9999 110 50
8 60 9999 115 50
8 61 9999 120 50
8 62 9999 125 50
8 63 9999 130 50
8 64 9999 135 50
8 65 9999 140 50
8 66 9999 145 50
8 67 9999 150 50
8 68 9999 155 50
8 69 9999 160 50
8 70 9999 165 50
8 71 9999 170 50
8 72 9999 175 50
9 1 9999 -180 45
9 2 9999 -175 45
9 3 9999 -170 45
9 4 9999 -165 45
9 5 9999 -160 45
9 6 9999 -155 45
9 7 9999 -150 45
9 8 9999 -145 45
9 9 9999 -140 45
9 10 9999 -135 45
9 11 9999 -130 45
9 12 9999 -125 45
9 13 9999 -120 45
9 14 9999 -115 45
9 15 9999 -110 45
9 16 9999 -105 45
9 17 9999 -100 45
9 18 9999 -95 45
9 19 9999 -90 45
9 20 9999 -85 45
9 21 9999 -80 45
9 22 9999 -75 45
9 23 9999 -70 45
9 24 9999 -65 45
9 25 9999 -60 45
9 26 9999 -55 45
9 27 9999 -50 45
9 28 9999 -45 45
9 29 9999 -40 45
9 30 9999 -35 45
9 31 9999 -30 45
9 32 9999 -25 45
9 33 6 -20 45
9 34 4 -15 45
9 35 393 -10 45
9 36 9999 -5 45
9 37 9999 0 45
9 38 9999 5 45
9 39 9999 10 45
9 40 9999 15 45
9 41 9999 20 45
9 42 9999 25 45
9 43 9999 30 45
9 44 9999 35 45
9 45 9999 40 45
9 46 9999 45 45
9 47 9999 50 45
9 48 9999 55 45
9 49 9999 60 45
9 50 9999 65 45
9 51 9999 70 45
9 52 9999 75 45
9 53 9999 80 45
9 54 9999 85 45
9 55 9999 90 45
9 56 9999 95 45
9 57 9999 100 45
9 58 9999 105 45
9 59 9999 110 45
9 60 9999 115 45
9 61 9999 120 45
9 62 9999 125 45
9 63 9999 130 45
9 64 9999 135 45
9 65 9999 140 45
9 66 9999 145 45
9 67 9999 150 45
9 68 9999 155 45
9 69 9999 160 45
9 70 9999 165 45
9 71 9999 170 45
9 72 9999 175 45
10 1 9999 -180 40
10 2 9999 -175 40
10 3 9999 -170 40
10 4 9999 -165 40
10 5 9999 -160 40
10 6 9999 -155 40
10 7 9999 -150 40
10 8 9999 -145 40
10 9 9999 -140 40
10 10 9999 -135 40
10 11 9999 -130 40
10 12 9999 -125 40
10 13 9999 -120 40
10 14 9999 -115 40
10 15 9999 -110 40
10 16 9999 -105 40
10 17 9999 -100 40
10 18 9999 -95 40
10 19 9999 -90 40
10 20 9999 -85 40
10 21 9999 -80 40
10 22 9999 -75 40
10 23 9999 -70 40
10 24 9999 -65 40
10 25 9999 -60 40
10 26 9999 -55 40
10 27 9999 -50 40
10 28 9999 -45 40
10 29 9999 -40 40
10 30 9999 -35 40
10 31 9999 -30 40
10 32 9999 -25 40
10 33 9999 -20 40
10 34 9999 -15 40
10 35 9999 -10 40
10 36 9999 -5 40
10 37 9999 0 40
10 38 9999 5 40
10 39 9999 10 40
10 40 9999 15 40
10 41 9999 20 40
10 42 9999 25 40
10 43 9999 30 40
10 44 9999 35 40
10 45 9999 40 40
10 46 9999 45 40
10 47 9999 50 40
10 48 9999 55 40
10 49 9999 60 40
10 50 9999 65 40
10 51 9999 70 40
10 52 9999 75 40
10 53 9999 80 40
10 54 9999 85 40
10 55 9999 90 40
10 56 9999 95 40
10 57 9999 100 40
10 58 9999 105 40
10 59 9999 110 40
10 60 9999 115 40
10 61 9999 120 40
10 62 9999 125 40
10 63 9999 130 40
10 64 9999 135 40
10 65 9999 140 40
10 66 9999 145 40
10 67 9999 150 40
10 68 9999 155 40
10 69 9999 160 40
10 70 9999 165 40
10 71 9999 170 40
10 72 9999 175 40
11 1 9999 -180 35
11 2 9999 -175 35
11 3 9999 -170 35
11 4 9999 -165 35
11 5 9999 -160 35
11 6 9999 -155 35
11 7 9999 -150 35
11 8 9999 -145 35
11 9 9999 -140 35
11 10 9999 -135 35
11 11 9999 -130 35
11 12 9999 -125 35
11 13 9999 -120 35
11 14 9999 -115 35
11 15 9999 -110 35
11 16 9999 -105 35
11 17 9999 -100 35
11 18 9999 -95 35
11 19 9999 -90 35
11 20 9999 -85 35
11 21 9999 -80 35
11 22 9999 -75 35
11 23 9999 -70 35
11 24 9999 -65 35
11 25 9999 -60 35
11 26 9999 -55 35
11 27 9999 -50 35
11 28 9999 -45 35
11 29 9999 -40 35
11 30 9999 -35 35
11 31 9999 -30 35
11 32 9999 -25 35
11 33 9999 -20 35
11 34 9999 -15 35
11 35 9999 -10 35
11 36 9999 -5 35
11 37 9999 0 35
11 38 9999 5 35
11 39 9999 10 35
11 40 9999 15 35
11 41 9999 20 35
11 42 9999 25 35
11 43 9999 30 35
11 44 9999 35 35
11 45 9999 40 35
11 46 9999 45 35
11 47 9999 50 35
11 48 9999 55 35
11 49 9999 60 35
11 50 9999 65 35
11 51 9999 70 35
11 52 9999 75 35
11 53 9999 80 35
11 54 9999 85 35
11 55 9999 90 35
11 56 9999 95 35
11 57 9999 100 35
11 58 9999 105 35
11 59 9999 110 35
11 60 9999 115 35
11 61 9999 120 35
11 62 9999 125 35
11 63 9999 130 35
11 64 9999 135 35
11 65 9999 140 35
11 66 9999 145 35
11 67 9999 150 35
11 68 9999 155 35
11 69 9999 160 35
11 70 9999 165 35
11 71 9999 170 35
11 72 9999 175 35
12 1 9999 -180 30
12 2 9999 -175 30
12 3 9999 -170 30
12 4 9999 -165 30
12 5 9999 -160 30
12 6 9999 -155 30
12 7 9999 -150 30
12 8 9999 -145 30
12 9 9999 -140 30
12 10 9999 -135 30
12 11 9999 -130 30
12 12 9999 -125 30
12 13 9999 -120 30
12 14 9999 -115 30
12 15 9999 -110 30
12 16 9999 -105 30
12 17 9999 -100 30
12 18 9999 -95 30
12 19 9999 -90 30
12 20 9999 -85 30
12 21 9999 -80 30
12 22 9999 -75 30
12 23 9999 -70 30
12 24 9999 -65 30
12 25 9999 -60 30
12 26 9999 -55 30
12 27 9999 -50 30
12 28 9999 -45 30
12 29 9999 -40 30
12 30 9999 -35 30
12 31 9999 -30 30
12 32 9999 -25 30
12 33 9999 -20 30
12 34 9999 -15 30
12 35 9999 -10 30
12 36 9999 -5 30
12 37 9999 0 30
12 38 9999 5 30
12 39 9999 10 30
12 40 9999 15 30
12 41 9999 20 30
12 42 9999 25 30
12 43 9999 30 30
12 44 9999 35 30
12 45 9999 40 30
12 46 9999 45 30
12 47 9999 50 30
12 48 9999 55 30
12 49 9999 60 30
12 50 9999 65 30
12 51 9999 70 30
12 52 9999 75 30
12 53 9999 80 30
12 54 9999 85 30
12 55 9999 90 30
12 56 9999 95 30
12 57 9999 100 30
12 58 9999 105 30
12 59 9999 110 30
12 60 9999 115 30
12 61 9999 120 30
12 62 9999 125 30
12 63 9999 130 30
12 64 9999 135 30
12 65 9999 140 30
12 66 9999 145 30
12 67 9999 150 30
12 68 9999 155 30
12 69 9999 160 30
12 70 9999 165 30
12 71 9999 170 30
12 72 9999 175 30
13 1 9999 -180 25
13 2 9999 -175 25
13 3 9999 -170 25
13 4 9999 -165 25
13 5 9999 -160 25
13 6 9999 -155 25
13 7 9999 -150 25
13 8 9999 -145 25
13 9 9999 -140 25
13 10 9999 -135 25
13 11 9999 -130 25
13 12 9999 -125 25
13 13 9999 -120 25
13 14 9999 -115 25
13 15 9999 -110 25
13 16 9999 -105 25
13 17 9999 -100 25
13 18 9999 -95 25
13 19 9999 -90 25
13 20 9999 -85 25
13 21 9999 -80 25
13 22 9999 -75 25
13 23 9999 -70 25
13 24 9999 -65 25
13 25 9999 -60 25
13 26 9999 -55 25
13 27 9999 -50 25
13 28 9999 -45 25
13 29 9999 -40 25
13 30 9999 -35 25
13 31 9999 -30 25
13 32 9999 -25 25
13 33 9999 -20 25
13 34 9999 -15 25
13 35 9999 -10 25
13 36 9999 -5 25
13 37 9999 0 25
13 38 9999 5 25
13 39 9999 10 25
13 40 9999 15 25
13 41 9999 20 25
13 42 9999 25 25
13 43 9999 30 25
13 44 9999 35 25
13 45 9999 40 25
13 46 9999 45 25
13 47 9999 50 25
13 48 9999 55 25
13 49 9999 60 25
13 50 9999 65 25
13 51 9999 70 25
13 52 9999 75 25
13 53 9999 80 25
13 54 9999 85 25
13 55 9999 90 25
13 56 9999 95 25
13 57 9999 100 25
13 58 9999 105 25
13 59 9999 110 25
13 60 9999 115 25
13 61 9999 120 25
13 62 9999 125 25
13 63 9999 130 25
13 64 9999 135 25
13 65 9999 140 25
13 66 9999 145 25
13 67 9999 150 25
13 68 9999 155 25
13 69 9999 160 25
13 70 9999 165 25
13 71 9999 170 25
13 72 9999 175 25
14 1 9999 -180 20
14 2 9999 -175 20
14 3 9999 -170 20
14 4 9999 -165 20
14 5 9999 -160 20
14 6 9999 -155 20
14 7 9999 -150 20
14 8 9999 -145 20
14 9 9999 -140 20
14 10 9999 -135 20
14 11 9999 -130 20
14 12 9999 -125 20
14 13 9999 -120 20
14 14 9999 -115 20
14 15 9999 -110 20
14 16 9999 -105 20
14 17 9999 -100 20
14 18 9999 -95 20
14 19 9999 -90 20
14 20 9999 -85 20
14 21 9999 -80 20
14 22 9999 -75 20
14 23 9999 -70 20
14 24 9999 -65 20
14 25 9999 -60 20
14 26 9999 -55 20
14 27 9999 -50 20
14 28 9999 -45 20
14 29 9999 -40 20
14 30 9999 -35 20
14 31 9999 -30 20
14 32 9999 -25 20
14 33 9999 -20 20
14 34 9999 -15 20
14 35 9999 -10 20
14 36 9999 -5 20
14 37 9999 0 20
14 38 9999 5 20
14 39 9999 10 20
14 40 9999 15 20
14 41 9999 20 20
14 42 9999 25 20
14 43 9999 30 20
14 44 9999 35 20
14 45 9999 40 20
14 46 9999 45 20
14 47 9999 50 20
14 48 9999 55 20
14 49 9999 60 20
14 50 9999 65 20
14 51 9999 70 20
14 52 9999 75 20
14 53 9999 80 20
14 54 9999 85 20
14 55 9999 90 20
14 56 9999 95 20
14 57 9999 100 20
14 58 9999 105 20
14 59 9999 110 20
14 60 9999 115 20
14 61 9999 120 20
14 62 9999 125 20
14 63 9999 130 20
14 64 9999 135 20
14 65 9999 140 20
14 66 9999 145 20
14 67 9999 150 20
14 68 9999 155 20
14 69 9999 160 20
14 70 9999 165 20
14 71 9999 170 20
14 72 9999 175 20
15 1 9999 -180 15
15 2 9999 -175 15
15 3 9999 -170 15
15 4 9999 -165 15
15 5 9999 -160 15
15 6 9999 -155 15
15 7 9999 -150 15
15 8 9999 -145 15
15 9 9999 -140 15
15 10 9999 -135 15
15 11 9999 -130 15
15 12 9999 -125 15
15 13 9999 -120 15
15 14 9999 -115 15
15 15 9999 -110 15
15 16 9999 -105 15
15 17 9999 -100 15
15 18 9999 -95 15
15 19 9999 -90 15
15 20 9999 -85 15
15 21 9999 -80 15
15 22 9999 -75 15
15 23 9999 -70 15
15 24 9999 -65 15
15 25 9999 -60 15
15 26 9999 -55 15
15 27 9999 -50 15
15 28 9999 -45 15
15 29 9999 -40 15
15 30 9999 -35 15
15 31 9999 -30 15
15 32 9999 -25 15
15 33 9999 -20 15
15 34 9999 -15 15
15 35 9999 -10 15
15 36 9999 -5 15
15 37 9999 0 15
15 38 9999 5 15
15 39 9999 10 15
15 40 9999 15 15
15 41 9999 20 15
15 42 9999 25 15
15 43 9999 30 15
15 44 9999 35 15
15 45 9999 40 15
15 46 9999 45 15
15 47 9999 50 15
15 48 9999 55 15
15 49 9999 60 15
15 50 9999 65 15
15 51 9999 70 15
15 52 9999 75 15
15 53 9999 80 15
15 54 9999 85 15
15 55 9999 90 15
15 56 9999 95 15
15 57 9999 100 15
15 58 9999 105 15
15 59 9999 110 15
15 60 9999 115 15
15 61 9999 120 15
15 62 9999 125 15
15 63 9999 130 15
15 64 9999 135 15
15 65 9999 140 15
15 66 9999 145 15
15 67 9999 150 15
15 68 9999 155 15
15 69 9999 160 15
15 70 9999 165 15
15 71 9999 170 15
15 72 9999 175 15
16 1 9999 -180 10
16 2 9999 -175 10
16 3 9999 -170 10
16 4 9999 -165 10
16 5 9999 -160 10
16 6 9999 -155 10
16 7 9999 -150 10
16 8 9999 -145 10
16 9 9999 -140 10
16 10 9999 -135 10
16 11 9999 -130 10
16 12 9999 -125 10
16 13 9999 -120 10
16 14 9999 -115 10
16 15 9999 -110 10
16 16 9999 -105 10
16 17 9999 -100 10
16 18 9999 -95 10
16 19 9999 -90 10
16 20 9999 -85 10
16 21 9999 -80 10
16 22 9999 -75 10
16 23 9999 -70 10
16 24 9999 -65 10
16 25 9999 -60 10
16 26 9999 -55 10
16 27 9999 -50 10
16 28 9999 -45 10
16 29 9999 -40 10
16 30 9999 -35 10
16 31 9999 -30 10
16 32 9999 -25 10
16 33 9999 -20 10
16 34 9999 -15 10
16 35 9999 -10 10
16 36 9999 -5 10
16 37 9999 0 10
16 38 9999 5 10
16 39 9999 10 10
16 40 9999 15 10
16 41 9999 20 10
16 42 9999 25 10
16 43 9999 30 10
16 44 9999 35 10
16 45 9999 40 10
16 46 9999 45 10
16 47 9999 50 10
16 48 9999 55 10
16 49 9999 60 10
16 50 9999 65 10
16 51 9999 70 10
16 52 9999 75 10
16 53 9999 80 10
16 54 9999 85 10
16 55 9999 90 10
16 56 9999 95 10
16 57 9999 100 10
16 58 9999 105 10
16 59 9999 110 10
16 60 9999 115 10
16 61 9999 120 10
16 62 9999 125 10
16 63 9999 130 10
16 64 9999 135 10
16 65 9999 140 10
16 66 9999 145 10
16 67 9999 150 10
16 68 9999 155 10
16 69 9999 160 10
16 70 9999 165 10
16 71 9999 170 10
16 72 9999 175 10
17 1 9999 -180 5
17 2 9999 -175 5
17 3 9999 -170 5
17 4 9999 -165 5
17 5 9999 -160 5
17 6 9999 -155 5
17 7 9999 -150 5
17 8 9999 -145 5
17 9 9999 -140 5
17 10 9999 -135 5
17 11 9999 -130 5
17 12 9999 -125 5
17 13 9999 -120 5
17 14 9999 -115 5
17 15 9999 -110 5
17 16 9999 -105 5
17 17 9999 -100 5
17 18 9999 -95 5
17 19 9999 -90 5
17 20 9999 -85 5
17 21 9999 -80 5
17 22 9999 -75 5
17 23 9999 -70 5
17 24 9999 -65 5
17 25 9999 -60 5
17 26 9999 -55 5
17 27 9999 -50 5
17 28 9999 -45 5
17 29 9999 -40 5
17 30 9999 -35 5
17 31 9999 -30 5
17 32 9999 -25 5
17 33 9999 -20 5
17 34 9999 -15 5
17 35 9999 -10 5
17 36 9999 -5 5
17 37 9999 0 5
17 38 9999 5 5
17 39 9999 10 5
17 40 9999 15 5
17 41 9999 20 5
17 42 9999 25 5
17 43 9999 30 5
17 44 9999 35 5
17 45 9999 40 5
17 46 9999 45 5
17 47 9999 50 5
17 48 9999 55 5
17 49 9999 60 5
17 50 9999 65 5
17 51 9999 70 5
17 52 9999 75 5
17 53 9999 80 5
17 54 9999 85 5
17 55 9999 90 5
17 56 9999 95 5
17 57 9999 100 5
17 58 9999 105 5
17 59 9999 110 5
17 60 9999 115 5
17 61 9999 120 5
17 62 9999 125 5
17 63 9999 130 5
17 64 9999 135 5
17 65 9999 140 5
17 66 9999 145 5
17 67 9999 150 5
17 68 9999 155 5
17 69 9999 160 5
17 70 9999 165 5
17 71 9999 170 5
17 72 9999 175 5
18 1 9999 -180 0
18 2 9999 -175 0
18 3 9999 -170 0
18 4 9999 -165 0
18 5 9999 -160 0
18 6 9999 -155 0
18 7 9999 -150 0
18 8 9999 -145 0
18 9 9999 -140 0
18 10 9999 -135 0
18 11 9999 -130 0
18 12 9999 -125 0
18 13 9999 -120 0
18 14 9999 -115 0
18 15 9999 -110 0
18 16 9999 -105 0
18 17 9999 -100 0
18 18 9999 -95 0
18 19 9999 -90 0
18 20 9999 -85 0
18 21 9999 -80 0
18 22 9999 -75 0
18 23 9999 -70 0
18 24 9999 -65 0
18 25 9999 -60 0
18 26 9999 -55 0
18 27 9999 -50 0
18 28 9999 -45 0
18 29 9999 -40 0
18 30 9999 -35 0
18 31 9999 -30 0
18 32 9999 -25 0
18 33 9999 -20 0
18 34 9999 -15 0
18 35 9999 -10 0
18 36 9999 -5 0
18 37 9999 0 0
18 38 9999 5 0
18 39 9999 10 0
18 40 9999 15 0
18 41 9999 20 0
18 42 9999 25 0
18 43 9999 30 0
18 44 9999 35 0
18 45 9999 40 0
18 46 9999 45 0
18 47 9999 50 0
18 48 9999 55 0
18 49 9999 60 0
18 50 9999 65 0
18 51 9999 70 0
18 52 9999 75 0
18 53 9999 80 0
18 54 9999 85 0
18 55 9999 90 0
18 56 9999 95 0
18 57 9999 100 0
18 58 9999 105 0
18 59 9999 110 0
18 60 9999 115 0
18 61 9999 120 0
18 62 9999 125 0
18 63 9999 130 0
18 64 9999 135 0
18 65 9999 140 0
18 66 9999 145 0
18 67 9999 150 0
18 68 9999 155 0
18 69 9999 160 0
18 70 9999 165 0
18 71 9999 170 0
18 72 9999 175 0
19 1 9999 -180 -5
19 2 9999 -175 -5
19 3 9999 -170 -5
19 4 9999 -165 -5
19 5 9999 -160 -5
19 6 9999 -155 -5
19 7 9999 -150 -5
19 8 9999 -145 -5
19 9 9999 -140 -5
19 10 9999 -135 -5
19 11 9999 -130 -5
19 12 9999 -125 -5
19 13 9999 -120 -5
19 14 9999 -115 -5
19 15 9999 -110 -5
19 16 9999 -105 -5
19 17 9999 -100 -5
19 18 9999 -95 -5
19 19 9999 -90 -5
19 20 9999 -85 -5
19 21 9999 -80 -5
19 22 9999 -75 -5
19 23 9999 -70 -5
19 24 9999 -65 -5
19 25 9999 -60 -5
19 26 9999 -55 -5
19 27 9999 -50 -5
19 28 9999 -45 -5
19 29 9999 -40 -5
19 30 9999 -35 -5
19 31 9999 -30 -5
19 32 9999 -25 -5
19 33 9999 -20 -5
19 34 9999 -15 -5
19 35 9999 -10 -5
19 36 9999 -5 -5
19 37 9999 0 -5
19 38 9999 5 -5
19 39 9999 10 -5
19 40 9999 15 -5
19 41 9999 20 -5
19 42 9999 25 -5
19 43 9999 30 -5
19 44 9999 35 -5
19 45 9999 40 -5
19 46 9999 45 -5
19 47 9999 50 -5
19 48 9999 55 -5
19 49 9999 60 -5
19 50 9999 65 -5
19 51 9999 70 -5
19 52 9999 75 -5
19 53 9999 80 -5
19 54 9999 85 -5
19 55 9999 90 -5
19 56 9999 95 -5
19 57 9999 100 -5
19 58 9999 105 -5
19 59 9999 110 -5
19 60 9999 115 -5
19 61 9999 120 -5
19 62 9999 125 -5
19 63 9999 130 -5
19 64 9999 135 -5
19 65 9999 140 -5
19 66 9999 145 -5
19 67 9999 150 -5
19 68 9999 155 -5
19 69 9999 160 -5
19 70 9999 165 -5
19 71 9999 170 -5
19 72 9999 175 -5
20 1 9999 -180 -10
20 2 9999 -175 -10
20 3 9999 -170 -10
20 4 9999 -165 -10
20 5 9999 -160 -10
20 6 9999 -155 -10
20 7 9999 -150 -10
20 8 9999 -145 -10
20 9 9999 -140 -10
20 10 9999 -135 -10
20 11 9999 -130 -10
20 12 9999 -125 -10
20 13 9999 -120 -10
20 14 9999 -115 -10
20 15 9999 -110 -10
20 16 9999 -105 -10
20 17 9999 -100 -10
20 18 9999 -95 -10
20 19 9999 -90 -10
20 20 9999 -85 -10
20 21 9999 -80 -10
20 22 9999 -75 -10
20 23 9999 -70 -10
20 24 9999 -65 -10
20 25 9999 -60 -10
20 26 9999 -55 -10
20 27 9999 -50 -10
20 28 9999 -45 -10
20 29 9999 -40 -10
20 30 9999 -35 -10
20 31 9999 -30 -10
20 32 9999 -25 -10
20 33 9999 -20 -10
20 34 9999 -15 -10
20 35 9999 -10 -10
20 36 9999 -5 -10
20 37 9999 0 -10
20 38 9999 5 -10
20 39 9999 10 -10
20 40 9999 15 -10
20 41 9999 20 -10
20 42 9999 25 -10
20 43 9999 30 -10
20 44 9999 35 -10
20 45 9999 40 -10
20 46 9999 45 -10
20 47 9999 50 -10
20 48 9999 55 -10
20 49 9999 60 -10
20 50 9999 65 -10
20 51 9999 70 -10
20 52 9999 75 -10
20 53 9999 80 -10
20 54 9999 85 -10
20 55 9999 90 -10
20 56 9999 95 -10
20 57 9999 100 -10
20 58 9999 105 -10
20 59 9999 110 -10
20 60 9999 115 -10
20 61 9999 120 -10
20 62 9999 125 -10
20 63 9999 130 -10
20 64 9999 135 -10
20 65 9999 140 -10
20 66 9999 145 -10
20 67 9999 150 -10
20 68 9999 155 -10
20 69 9999 160 -10
20 70 9999 165 -10
20 71 9999 170 -10
20 72 9999 175 -10
21 1 9999 -180 -15
21 2 9999 -175 -15
21 3 9999 -170 -15
21 4 9999 -165 -15
21 5 9999 -160 -15
21 6 9999 -155 -15
21 7 9999 -150 -15
21 8 9999 -145 -15
21 9 9999 -140 -15
21 10 9999 -135 -15
21 11 9999 -130 -15
21 12 9999 -125 -15
21 13 9999 -120 -15
21 14 9999 -115 -15
21 15 9999 -110 -15
21 16 9999 -105 -15
21 17 9999 -100 -15
21 18 9999 -95 -15
21 19 9999 -90 -15
21 20 9999 -85 -15
21 21 9999 -80 -15
21 22 9999 -75 -15
21 23 9999 -70 -15
21 24 9999 -65 -15
21 25 9999 -60 -15
21 26 9999 -55 -15
21 27 9999 -50 -15
21 28 9999 -45 -15
21 29 9999 -40 -15
21 30 9999 -35 -15
21 31 9999 -30 -15
21 32 9999 -25 -15
21 33 9999 -20 -15
21 34 9999 -15 -15
21 35 9999 -10 -15
21 36 9999 -5 -15
21 37 9999 0 -15
21 38 9999 5 -15
21 39 9999 10 -15
21 40 9999 15 -15
21 41 9999 20 -15
21 42 9999 25 -15
21 43 9999 30 -15
21 44 9999 35 -15
21 45 9999 40 -15
21 46 9999 45 -15
21 47 9999 50 -15
21 48 9999 55 -15
21 49 9999 60 -15
21 50 9999 65 -15
21 51 9999 70 -15
21 52 9999 75 -15
21 53 9999 80 -15
21 54 9999 85 -15
21 55 9999 90 -15
21 56 9999 95 -15
21 57 9999 100 -15
21 58 9999 105 -15
21 59 9999 110 -15
21 60 9999 115 -15
21 61 9999 120 -15
21 62 9999 125 -15
21 63 9999 130 -15
21 64 9999 135 -15
21 65 9999 140 -15
21 66 9999 145 -15
21 67 9999 150 -15
21 68 9999 155 -15
21 69 9999 160 -15
21 70 9999 165 -15
21 71 9999 170 -15
21 72 9999 175 -15
22 1 9999 -180 -20
22 2 9999 -175 -20
22 3 9999 -170 -20
22 4 9999 -165 -20
22 5 9999 -160 -20
22 6 9999 -155 -20
22 7 9999 -150 -20
22 8 9999 -145 -20
22 9 9999 -140 -20
22 10 9999 -135 -20
22 11 9999 -130 -20
22 12 9999 -125 -20
22 13 9999 -120 -20
22 14 9999 -115 -20
22 15 9999 -110 -20
22 16 9999 -105 -20
22 17 9999 -100 -20
22 18 9999 -95 -20
22 19 9999 -90 -20
22 20 9999 -85 -20
22 21 9999 -80 -20
22 22 9999 -75 -20
22 23 9999 -70 -20
22 24 9999 -65 -20
22 25 9999 -60 -20
22 26 9999 -55 -20
22 27 9999 -50 -20
22 28 9999 -45 -20
22 29 9999 -40 -20
22 30 9999 -35 -20
22 31 9999 -30 -20
22 32 9999 -25 -20
22 33 9999 -20 -20
22 34 9999 -15 -20
22 35 9999 -10 -20
22 36 9999 -5 -20
22 37 9999 0 -20
22 38 9999 5 -20
22 39 9999 10 -20
22 40 9999 15 -20
22 41 9999 20 -20
22 42 9999 25 -20
22 43 9999 30 -20
22 44 9999 35 -20
22 45 9999 40 -20
22 46 9999 45 -20
22 47 9999 50 -20
22 48 9999 55 -20
22 49 9999 60 -20
22 50 9999 65 -20
22 51 9999 70 -20
22 52 9999 75 -20
22 53 9999 80 -20
22 54 9999 85 -20
22 55 9999 90 -20
22 56 9999 95 -20
22 57 9999 100 -20
22 58 9999 105 -20
22 59 9999 110 -20
22 60 9999 115 -20
22 61 9999 120 -20
22 62 9999 125 -20
22 63 9999 130 -20
22 64 9999 135 -20
22 65 9999 140 -20
22 66 9999 145 -20
22 67 9999 150 -20
22 68 9999 155 -20
22 69 9999 160 -20
22 70 9999 165 -20
22 71 9999 170 -20
22 72 9999 175 -20
23 1 9999 -180 -25
23 2 9999 -175 -25
23 3 9999 -170 -25
23 4 9999 -165 -25
23 5 9999 -160 -25
23 6 9999 -155 -25
23 7 9999 -150 -25
23 8 9999 -145 -25
23 9 9999 -140 -25
23 10 9999 -135 -25
23 11 9999 -130 -25
23 12 9999 -125 -25
23 13 9999 -120 -25
23 14 9999 -115 -25
23 15 9999 -110 -25
23 16 9999 -105 -25
23 17 9999 -100 -25
23 18 9999 -95 -25
23 19 9999 -90 -25
23 20 9999 -85 -25
23 21 9999 -80 -25
23 22 9999 -75 -25
23 23 9999 -70 -25
23 24 9999 -65 -25
23 25 9999 -60 -25
23 26 9999 -55 -25
23 27 9999 -50 -25
23 28 9999 -45 -25
23 29 9999 -40 -25
23 30 9999 -35 -25
23 31 9999 -30 -25
23 32 9999 -25 -25
23 33 9999 -20 -25
23 34 9999 -15 -25
23 35 9999 -10 -25
23 36 9999 -5 -25
23 37 9999 0 -25
23 38 9999 5 -25
23 39 9999 10 -25
23 40 9999 15 -25
23 41 9999 20 -25
23 42 9999 25 -25
23 43 9999 30 -25
23 44 9999 35 -25
23 45 9999 40 -25
23 46 9999 45 -25
23 47 9999 50 -25
23 48 9999 55 -25
23 49 9999 60 -25
23 50 9999 65 -25
23 51 9999 70 -25
23 52 9999 75 -25
23 53 9999 80 -25
23 54 9999 85 -25
23 55 9999 90 -25
23 56 9999 95 -25
23 57 9999 100 -25
23 58 9999 105 -25
23 59 9999 110 -25
23 60 9999 115 -25
23 61 9999 120 -25
23 62 9999 125 -25
23 63 9999 130 -25
23 64 9999 135 -25
23 65 9999 140 -25
23 66 9999 145 -25
23 67 9999 150 -25
23 68 9999 155 -25
23 69 9999 160 -25
23 70 9999 165 -25
23 71 9999 170 -25
23 72 9999 175 -25
24 1 9999 -180 -30
24 2 9999 -175 -30
24 3 9999 -170 -30
24 4 9999 -165 -30
24 5 9999 -160 -30
24 6 9999 -155 -30
24 7 9999 -150 -30
24 8 9999 -145 -30
24 9 9999 -140 -30
24 10 9999 -135 -30
24 11 9999 -130 -30
24 12 9999 -125 -30
24 13 9999 -120 -30
24 14 9999 -115 -30
24 15 9999 -110 -30
24 16 9999 -105 -30
24 17 9999 -100 -30
24 18 9999 -95 -30
24 19 9999 -90 -30
24 20 9999 -85 -30
24 21 9999 -80 -30
24 22 9999 -75 -30
24 23 9999 -70 -30
24 24 9999 -65 -30
24 25 9999 -60 -30
24 26 9999 -55 -30
24 27 9999 -50 -30
24 28 9999 -45 -30
24 29 9999 -40 -30
24 30 9999 -35 -30
24 31 9999 -30 -30
24 32 9999 -25 -30
24 33 9999 -20 -30
24 34 9999 -15 -30
24 35 9999 -10 -30
24 36 9999 -5 -30
24 37 9999 0 -30
24 38 9999 5 -30
24 39 9999 10 -30
24 40 9999 15 -30
24 41 9999 20 -30
24 42 9999 25 -30
24 43 9999 30 -30
24 44 9999 35 -30
24 45 9999 40 -30
24 46 9999 45 -30
24 47 9999 50 -30
24 48 9999 55 -30
24 49 9999 60 -30
24 50 9999 65 -30
24 51 9999 70 -30
24 52 9999 75 -30
24 53 9999 80 -30
24 54 9999 85 -30
24 55 9999 90 -30
24 56 9999 95 -30
24 57 9999 100 -30
24 58 9999 105 -30
24 59 9999 110 -30
24 60 9999 115 -30
24 61 9999 120 -30
24 62 9999 125 -30
24 63 9999 130 -30
24 64 9999 135 -30
24 65 9999 140 -30
24 66 9999 145 -30
24 67 9999 150 -30
24 68 9999 155 -30
24 69 9999 160 -30
24 70 9999 165 -30
24 71 9999 170 -30
24 72 9999 175 -30
25 1 9999 -180 -35
25 2 9999 -175 -35
25 3 9999 -170 -35
25 4 9999 -165 -35
25 5 9999 -160 -35
25 6 9999 -155 -35
25 7 9999 -150 -35
25 8 9999 -145 -35
25 9 9999 -140 -35
25 10 9999 -135 -35
25 11 9999 -130 -35
25 12 9999 -125 -35
25 13 9999 -120 -35
25 14 9999 -115 -35
25 15 9999 -110 -35
25 16 9999 -105 -35
25 17 9999 -100 -35
25 18 9999 -95 -35
25 19 9999 -90 -35
25 20 9999 -85 -35
25 21 9999 -80 -35
25 22 9999 -75 -35
25 23 9999 -70 -35
25 24 9999 -65 -35
25 25 9999 -60 -35
25 26 9999 -55 -35
25 27 9999 -50 -35
25 28 9999 -45 -35
25 29 9999 -40 -35
25 30 9999 -35 -35
25 31 9999 -30 -35
25 32 9999 -25 -35
25 33 9999 -20 -35
25 34 393 -15 -35
25 35 6 -10 -35
25 36 0 -5 -35
25 37 9999 0 -35
25 38 9999 5 -35
25 39 9999 10 -35
25 40 9999 15 -35
25 41 9999 20 -35
25 42 8 25 -35
25 43 393 30 -35
25 44 9999 35 -35
25 45 9999 40 -35
25 46 9999 45 -35
25 47 9999 50 -35
25 48 9999 55 -35
25 49 9999 60 -35
25 50 9999 65 -35
25 51 9999 70 -35
25 52 9999 75 -35
25 53 9999 80 -35
25 54 9999 85 -35
25 55 9999 90 -35
25 56 9999 95 -35
25 57 9999 100 -35
25 58 9999 105 -35
25 59 9999 110 -35
25 60 9999 115 -35
25 61 9999 120 -35
25 62 9999 125 -35
25 63 9999 130 -35
25 64 9999 135 -35
25 65 9999 140 -35
25 66 9999 145 -35
25 67 9999 150 -35
25 68 9999 155 -35
25 69 9999 160 -35
25 70 9999 165 -35
25 71 9999 170 -35
25 72 9999 175 -35
26 1 9999 -180 -40
26 2 9999 -175 -40
26 3 9999 -170 -40
26 4 9999 -165 -40
26 5 9999 -160 -40
26 6 9999 -155 -40
26 7 9999 -150 -40
26 8 9999 -145 -40
26 9 9999 -140 -40
26 10 9999 -135 -40
26 11 9999 -130 -40
26 12 9999 -125 -40
26 13 9999 -120 -40
26 14 9999 -115 -40
26 15 9999 -110 -40
26 16 9999 -105 -40
26 17 9999 -100 -40
26 18 9999 -95 -40
26 19 9999 -90 -40
26 20 9999 -85 -40
26 21 9999 -80 -40
26 22 9999 -75 -40
26 23 9999 -70 -40
26 24 9999 -65 -40
26 25 9999 -60 -40
26 26 9999 -55 -40
26 27 8 -50 -40
26 28 9999 -45 -40
26 29 9999 -40 -40
26 30 9999 -35 -40
26 31 9999 -30 -40
26 32 9999 -25 -40
26 33 9999 -20 -40
26 34 5 -15 -40
26 35 393 -10 -40
26 36 0 -5 -40
26 37 9999 0 -40
26 38 9999 5 -40
26 39 9999 10 -40
26 40 9999 15 -40
26 41 9999 20 -40
26 42 10 25 -40
26 43 393 30 -40
26 44 9999 35 -40
26 45 9999 40 -40
26 46 9999 45 -40
26 47 9999 50 -40
26 48 9999 55 -40
26 49 9999 60 -40
26 50 9999 65 -40
26 51 9999 70 -40
26 52 9999 75 -40
26 53 9999 80 -40
26 54 9999 85 -40
26 55 9999 90 -40
26 56 9999 95 -40
26 57 9999 100 -40
26 58 9999 105 -40
26 59 9999 110 -40
26 60 9999 115 -40
26 61 9999 120 -40
26 62 9999 125 -40
26 63 9999 130 -40
26 64 9999 135 -40
26 65 9999 140 -40
26 66 9999 145 -40
26 67 9999 150 -40
26 68 9999 155 -40
26 69 9999 160 -40
26 70 9999 165 -40
26 71 9999 170 -40
26 72 9999 175 -40
27 1 9999 -180 -45
27 2 9999 -175 -45
27 3 9999 -170 -45
27 4 9999 -165 -45
27 5 9999 -160 -45
27 6 9999 -155 -45
27 7 9999 -150 -45
27 8 9999 -145 -45
27 9 9999 -140 -45
27 10 9999 -135 -45
27 11 9999 -130 -45
27 12 9999 -125 -45
27 13 9999 -120 -45
27 14 9999 -115 -45
27 15 9999 -110 -45
27 16 9999 -105 -45
27 17 9999 -100 -45
27 18 9999 -95 -45
27 19 9999 -90 -45
27 20 9999 -85 -45
27 21 9999 -80 -45
27 22 9999 -75 -45
27 23 9999 -70 -45
27 24 9999 -65 -45
27 25 9999 -60 -45
27 26 9999 -55 -45
27 27 9999 -50 -45
27 28 9999 -45 -45
27 29 9999 -40 -45
27 30 9999 -35 -45
27 31 9999 -30 -45
27 32 9999 -25 -45
27 33 9999 -20 -45
27 34 10 -15 -45
27 35 393 -10 -45
27 36 0 -5 -45
27 37 9999 0 -45
27 38 9999 5 -45
27 39 9999 10 -45
27 40 9999 15 -45
27 41 9999 20 -45
27 42 6 25 -45
27 43 393 30 -45
27 44 9999 35 -45
27 45 9999 40 -45
27 46 9999 45 -45
27 47 9999 50 -45
27 48 9999 55 -45
27 49 9999 60 -45
27 50 9999 65 -45
27 51 9999 70 -45
27 52 9999 75 -45
27 53 9999 80 -45
27 54 9999 85 -45
27 55 9999 90 -45
27 56 9999 95 -45
27 57 9999 100 -45
27 58 9999 105 -45
27 59 9999 110 -45
27 60 9999 115 -45
27 61 9999 120 -45
27 62 9999 125 -45
27 63 9999 130 -45
27 64 9999 135 -45
27 65 9999 140 -45
27 66 9999 145 -45
27 67 9999 150 -45
27 68 9999 155 -45
27 69 9999 160 -45
27 70 9999 165 -45
27 71 9999 170 -45
27 72 9999 175 -45
28 1 9999 -180 -50
28 2 9999 -175 -50
28 3 9999 -170 -50
28 4 9999 -165 -50
28 5 9999 -160 -50
28 6 9999 -155 -50
28 7 9999 -150 -50
28 8 9999 -145 -50
28 9 9999 -140 -50
28 10 9999 -135 -50
28 11 9999 -130 -50
28 12 9999 -125 -50
28 13 9999 -120 -50
28 14 9999 -115 -50
28 15 9999 -110 -50
28 16 9999 -105 -50
28 17 9999 -100 -50
28 18 9999 -95 -50
28 19 9999 -90 -50
28 20 9999 -85 -50
28 21 9999 -80 -50
28 22 9999 -75 -50
28 23 9999 -70 -50
28 24 9999 -65 -50
28 25 9999 -60 -50
28 26 9999 -55 -50
28 27 9999 -50 -50
28 28 9999 -45 -50
28 29 9999 -40 -50
28 30 9999 -35 -50
28 31 9999 -30 -50
28 32 9999 -25 -50
28 33 9999 -20 -50
28 34 10 -15 -50
28 35 4 -10 -50
28 36 0 -5 -50
28 37 9999 0 -50
28 38 9999 5 -50
28 39 9999 10 -50
28 40 9999 15 -50
28 41 9999 20 -50
28 42 7 25 -50
28 43 393 30 -50
28 44 9999 35 -50
28 45 9999 40 -50
28 46 9999 45 -50
28 47 9999 50 -50
28 48 9999 55 -50
28 49 9999 60 -50
28 50 9999 65 -50
28 51 9999 70 -50
28 52 9999 75 -50
28 53 9999 80 -50
28 54 9999 85 -50
28 55 9999 90 -50
28 56 9999 95 -50
28 57 9999 100 -50
28 58 9999 105 -50
28 59 9999 110 -50
28 60 9999 115 -50
28 61 9999 120 -50
28 62 9999 125 -50
28 63 9999 130 -50
28 64 9999 135 -50
28 65 9999 140 -50
28 66 9999 145 -50
28 67 9999 150 -50
28 68 9999 155 -50
28 69 9999 160 -50
28 70 9999 165 -50
28 71 9999 170 -50
28 72 9999 175 -50
29 1 9999 -180 -55
29 2 9999 -175 -55
29 3 9999 -170 -55
29 4 9999 -165 -55
29 5 9999 -160 -55
29 6 9999 -155 -55
29 7 9999 -150 -55
29 8 9999 -145 -55
29 9 9999 -140 -55
29 10 9999 -135 -55
29 11 9999 -130 -55
29 12 9999 -125 -55
29 13 9999 -120 -55
29 14 9999 -115 -55
29 15 9999 -110 -55
29 16 9999 -105 -55
29 17 9999 -100 -55
29 18 9999 -95 -55
29 19 9999 -90 -55
29 20 9999 -85 -55
29 21 9999 -80 -55
29 22 9999 -75 -55
29 23 9999 -70 -55
29 24 9999 -65 -55
29 25 9999 -60 -55
29 26 9999 -55 -55
29 27 9999 -50 -55
29 28 9999 -45 -55
29 29 9999 -40 -55
29 30 9999 -35 -55
29 31 9999 -30 -55
29 32 9999 -25 -55
29 33 9999 -20 -55
29 34 393 -15 -55
29 35 4 -10 -55
29 36 0 -5 -55
29 37 9999 0 -55
29 38 9999 5 -55
29 39 9999 10 -55
29 40 9999 15 -55
29 41 9999 20 -55
29 42 7 25 -55
29 43 393 30 -55
29 44 9999 35 -55
29 45 9999 40 -55
29 46 9999 45 -55
29 47 9999 50 -55
29 48 9999 55 -55
29 49 9999 60 -55
29 50 9999 65 -55
29 51 9999 70 -55
29 52 9999 75 -55
29 53 9999 80 -55
29 54 9999 85 -55
29 55 9999 90 -55
29 56 9999 95 -55
29 57 9999 100 -55
29 58 9999 105 -55
29 59 9999 110 -55
29 60 9999 115 -55
29 61 9999 120 -55
29 62 9999 125 -55
29 63 9999 130 -55
29 64 9999 135 -55
29 65 9999 140 -55
29 66 9999 145 -55
29 67 9999 150 -55
29 68 9999 155 -55
29 69 9999 160 -55
29 70 9999 165 -55
29 71 9999 170 -55
29 72 9999 175 -55
30 1 9999 -180 -60
30 2 9999 -175 -60
30 3 9999 -170 -60
30 4 9999 -165 -60
30 5 9999 -160 -60
30 6 9999 -155 -60
30 7 9999 -150 -60
30 8 9999 -145 -60
30 9 9999 -140 -60
30 10 9999 -135 -60
30 11 9999 -130 -60
30 12 9999 -125 -60
30 13 9999 -120 -60
30 14 9999 -115 -60
30 15 9999 -110 -60
30 16 9999 -105 -60
30 17 9999 -100 -60
30 18 9999 -95 -60
30 19 9999 -90 -60
30 20 9999 -85 -60
30 21 9999 -80 -60
30 22 9999 -75 -60
30 23 9999 -70 -60
30 24 9999 -65 -60
30 25 9999 -60 -60
30 26 9999 -55 -60
30 27 9999 -50 -60
30 28 9999 -45 -60
30 29 9999 -40 -60
30 30 9999 -35 -60
30 31 9999 -30 -60
30 32 9999 -25 -60
30 33 9999 -20 -60
30 34 9999 -15 -60
30 35 9999 -10 -60
30 36 9999 -5 -60
30 37 9999 0 -60
30 38 9999 5 -60
30 39 9999 10 -60
30 40 9999 15 -60
30 41 9999 20 -60
30 42 9999 25 -60
30 43 9999 30 -60
30 44 9999 35 -60
30 45 9999 40 -60
30 46 9999 45 -60
30 47 9999 50 -60
30 48 9999 55 -60
30 49 9999 60 -60
30 50 9999 65 -60
30 51 9999 70 -60
30 52 9999 75 -60
30 53 9999 80 -60
30 54 9999 85 -60
30 55 9999 90 -60
30 56 9999 95 -60
30 57 9999 100 -60
30 58 9999 105 -60
30 59 9999 110 -60
30 60 9999 115 -60
30 61 9999 120 -60
30 62 9999 125 -60
30 63 9999 130 -60
30 64 9999 135 -60
30 65 9999 140 -60
30 66 9999 145 -60
30 67 9999 150 -60
30 68 9999 155 -60
30 69 9999 160 -60
30 70 9999 165 -60
30 71 9999 170 -60
30 72 9999 175 -60
31 1 9999 -180 -65
31 2 9999 -175 -65
31 3 9999 -170 -65
31 4 9999 -165 -65
31 5 9999 -160 -65
31 6 9999 -155 -65
31 7 9999 -150 -65
31 8 9999 -145 -65
31 9 9999 -140 -65
31 10 9999 -135 -65
31 11 9999 -130 -65
31 12 9999 -125 -65
31 13 9999 -120 -65
31 14 9999 -115 -65
31 15 9999 -110 -65
31 16 9999 -105 -65
31 17 9999 -100 -65
31 18 9999 -95 -65
31 19 9999 -90 -65
31 20 9999 -85 -65
31 21 9999 -80 -65
31 22 9999 -75 -65
31 23 9999 -70 -65
31 24 9999 -65 -65
31 25 9999 -60 -65
31 26 9999 -55 -65
31 27 9999 -50 -65
31 28 9999 -45 -65
31 29 9999 -40 -65
31 30 9999 -35 -65
31 31 9999 -30 -65
31 32 9999 -25 -65
31 33 9999 -20 -65
31 34 9999 -15 -65
31 35 5 -10 -65
31 36 9999 -5 -65
31 37 9999 0 -65
31 38 9999 5 -65
31 39 9999 10 -65
31 40 9999 15 -65
31 41 9999 20 -65
31 42 9999 25 -65
31 43 393 30 -65
31 44 9999 35 -65
31 45 9999 40 -65
31 46 9999 45 -65
31 47 9999 50 -65
31 48 9999 55 -65
31 49 9999 60 -65
31 50 9999 65 -65
31 51 9999 70 -65
31 52 9999 75 -65
31 53 9999 80 -65
31 54 9999 85 -65
31 55 9999 90 -65
31 56 9999 95 -65
31 57 9999 100 -65
31 58 9999 105 -65
31 59 9999 110 -65
31 60 9999 115 -65
31 61 9999 120 -65
31 62 9999 125 -65
31 63 9999 130 -65
31 64 9999 135 -65
31 65 9999 140 -65
31 66 9999 145 -65
31 67 9999 150 -65
31 68 9999 155 -65
31 69 9999 160 -65
31 70 9999 165 -65
31 71 9999 170 -65
31 72 9999 175 -65
32 1 9999 -180 -70
32 2 9999 -175 -70
32 3 9999 -170 -70
32 4 9999 -165 -70
32 5 9999 -160 -70
32 6 9999 -155 -70
32 7 9999 -150 -70
32 8 9999 -145 -70
32 9 9999 -140 -70
32 10 9999 -135 -70
32 11 9999 -130 -70
32 12 9999 -125 -70
32 13 9999 -120 -70
32 14 9999 -115 -70
32 15 9999 -110 -70
32 16 9999 -105 -70
32 17 9999 -100 -70
32 18 9999 -95 -70
32 19 9999 -90 -70
32 20 9999 -85 -70
32 21 9999 -80 -70
32 22 9999 -75 -70
32 23 9999 -70 -70
32 24 9999 -65 -70
32 25 9999 -60 -70
32 26 9999 -55 -70
32 27 9999 -50 -70
32 28 9999 -45 -70
32 29 9999 -40 -70
32 30 9999 -35 -70
32 31 9999 -30 -70
32 32 9999 -25 -70
32 33 9999 -20 -70
32 34 9999 -15 -70
32 35 9999 -10 -70
32 36 9999 -5 -70
32 37 9999 0 -70
32 38 9999 5 -70
32 39 9999 10 -70
32 40 9999 15 -70
32 41 9999 20 -70
32 42 9999 25 -70
32 43 9999 30 -70
32 44 9999 35 -70
32 45 9999 40 -70
32 46 9999 45 -70
32 47 9999 50 -70
32 48 9999 55 -70
32 49 9999 60 -70
32 50 9999 65 -70
32 51 9999 70 -70
32 52 9999 75 -70
32 53 9999 80 -70
32 54 9999 85 -70
32 55 9999 90 -70
32 56 9999 95 -70
32 57 9999 100 -70
32 58 9999 105 -70
32 59 9999 110 -70
32 60 9999 115 -70
32 61 9999 120 -70
32 62 9999 125 -70
32 63 9999 130 -70
32 64 9999 135 -70
32 65 9999 140 -70
32 66 9999 145 -70
32 67 9999 150 -70
32 68 9999 155 -70
32 69 9999 160 -70
32 70 9999 165 -70
32 71 9999 170 -70
32 72 9999 175 -70
33 1 9999 -180 -75
33 2 9999 -175 -75
33 3 9999 -170 -75
33 4 9999 -165 -75
33 5 9999 -160 -75
33 6 9999 -155 -75
33 7 9999 -150 -75
33 8 9999 -145 -75
33 9 9999 -140 -75
33 10 9999 -135 -75
33 11 9999 -130 -75
33 12 9999 -125 -75
33 13 9999 -120 -75
33 14 9999 -115 -75
33 15 9999 -110 -75
33 16 9999 -105 -75
33 17 9999 -100 -75
33 18 9999 -95 -75
33 19 9999 -90 -75
33 20 9999 -85 -75
33 21 9999 -80 -75
33 22 9999 -75 -75
33 23 9999 -70 -75
33 24 9999 -65 -75
33 25 9999 -60 -75
33 26 9999 -55 -75
33 27 9999 -50 -75
33 28 9999 -45 -75
33 29 9999 -40 -75
33 30 9999 -35 -75
33 31 9999 -30 -75
33 32 9999 -25 -75
33 33 9999 -20 -75
33 34 9999 -15 -75
33 35 393 -10 -75
33 36 9999 -5 -75
33 37 9999 0 -75
33 38 9999 5 -75
33 39 9999 10 -75
33 40 9999 15 -75
33 41 9999 20 -75
33 42 9999 25 -75
33 43 393 30 -75
33 44 9999 35 -75
33 45 9999 40 -75
33 46 9999 45 -75
33 47 9999 50 -75
33 48 9999 55 -75
33 49 9999 60 -75
33 50 9999 65 -75
33 51 9999 70 -75
33 52 9999 75 -75
33 53 9999 80 -75
33 54 9999 85 -75
33 55 9999 90 -75
33 56 9999 95 -75
33 57 9999 100 -75
33 58 9999 105 -75
33 59 9999 110 -75
33 60 9999 115 -75
33 61 9999 120 -75
33 62 9999 125 -75
33 63 9999 130 -75
33 64 9999 135 -75
33 65 9999 140 -75
33 66 9999 145 -75
33 67 9999 150 -75
33 68 9999 155 -75
33 69 9999 160 -75
33 70 9999 165 -75
33 71 9999 170 -75
33 72 9999 175 -75
34 1 9999 -180 -80
34 2 9999 -175 -80
34 3 9999 -170 -80
34 4 9999 -165 -80
34 5 9999 -160 -80
34 6 9999 -155 -80
34 7 9999 -150 -80
34 8 9999 -145 -80
34 9 9999 -140 -80
34 10 9999 -135 -80
34 11 9999 -130 -80
34 12 9999 -125 -80
34 13 9999 -120 -80
34 14 9999 -115 -80
34 15 9999 -110 -80
34 16 9999 -105 -80
34 17 9999 -100 -80
34 18 9999 -95 -80
34 19 9999 -90 -80
34 20 9999 -85 -80
34 21 9999 -80 -80
34 22 9999 -75 -80
34 23 9999 -70 -80
34 24 9999 -65 -80
34 25 9999 -60 -80
34 26 9999 -55 -80
34 27 9999 -50 -80
34 28 9999 -45 -80
34 29 9999 -40 -80
34 30 9999 -35 -80
34 31 9999 -30 -80
34 32 9999 -25 -80
34 33 9999 -20 -80
34 34 9999 -15 -80
34 35 9999 -10 -80
34 36 9999 -5 -80
34 37 9999 0 -80
34 38 9999 5 -80
34 39 9999 10 -80
34 40 9999 15 -80
34 41 9999 20 -80
34 42 9999 25 -80
34 43 9999 30 -80
34 44 9999 35 -80
34 45 9999 40 -80
34 46 9999 45 -80
34 47 9999 50 -80
34 48 9999 55 -80
34 49 9999 60 -80
34 50 9999 65 -80
34 51 9999 70 -80
34 52 9999 75 -80
34 53 9999 80 -80
34 54 9999 85 -80
34 55 9999 90 -80
34 56 9999 95 -80
34 57 9999 100 -80
34 58 9999 105 -80
34 59 9999 110 -80
34 60 9999 115 -80
34 61 9999 120 -80
34 62 9999 125 -80
34 63 9999 130 -80
34 64 9999 135 -80
34 65 9999 140 -80
34 66 9999 145 -80
34 67 9999 150 -80
34 68 9999 155 -80
34 69 9999 160 -80
34 70 9999 165 -80
34 71 9999 170 -80
34 72 9999 175 -80
35 1 9999 -180 -85
35 2 9999 -175 -85
35 3 9999 -170 -85
35 4 9999 -165 -85
35 5 9999 -160 -85
35 6 9999 -155 -85
35 7 9999 -150 -85
35 8 9999 -145 -85
35 9 9999 -140 -85
35 10 9999 -135 -85
35 11 9999 -130 -85
35 12 9999 -125 -85
35 13 9999 -120 -85
35 14 9999 -115 -85
35 15 9999 -110 -85
35 16 9999 -105 -85
35 17 9999 -100 -85
35 18 9999 -95 -85
35 19 9999 -90 -85
35 20 9999 -85 -85
35 21 9999 -80 -85
35 22 9999 -75 -85
35 23 9999 -70 -85
35 24 9999 -65 -85
35 25 9999 -60 -85
35 26 9999 -55 -85
35 27 9999 -50 -85
35 28 9999 -45 -85
35 29 9999 -40 -85
35 30 9999 -35 -85
35 31 9999 -30 -85
35 32 9999 -25 -85
35 33 9999 -20 -85
35 34 9999 -15 -85
35 35 9999 -10 -85
35 36 9999 -5 -85
35 37 9999 0 -85
35 38 9999 5 -85
35 39 9999 10 -85
35 40 9999 15 -85
35 41 9999 20 -85
35 42 9999 25 -85
35 43 9999 30 -85
35 44 9999 35 -85
35 45 9999 40 -85
35 46 9999 45 -85
35 47 9999 50 -85
35 48 9999 55 -85
35 49 9999 60 -85
35 50 9999 65 -85
35 51 9999 70 -85
35 52 9999 75 -85
35 53 9999 80 -85
35 54 9999 85 -85
35 55 9999 90 -85
35 56 9999 95 -85
35 57 9999 100 -85
35 58 9999 105 -85
35 59 9999 110 -85
35 60 9999 115 -85
35 61 9999 120 -85
35 62 9999 125 -85
35 63 9999 130 -85
35 64 9999 135 -85
35 65 9999 140 -85
35 66 9999 145 -85
35 67 9999 150 -85
35 68 9999 155 -85
35 69 9999 160 -85
35 70 9999 165 -85
35 71 9999 170 -85
35 72 9999 175 -85
35 72 9999 175 -851 1 9999 -180 85
35 72 9999 175 -851 1 9999 -180 851 2 9999 -175 85
35 72 9999 175 -851 1 9999 -180 851 2 9999 -175 851 3 9999 -170 85
35 72 9999 175 -851 1 9999 -180 851 2 9999 -175 851 3 9999 -170 851 4 9999 -165 85
35 72 9999 175 -851 1 9999 -180 851 2 9999 -175 851 3 9999 -170 851 4 9999 -165 851 5 9999 -160 85
35 72 9999 175 -851 1 9999 -180 851 2 9999 -175 851 3 9999 -170 851 4 9999 -165 851 5 9999 -160 851 6 9999 -155 85
35 72 9999 175 -851 1 9999 -180 851 2 9999 -175 851 3 9999 -170 851 4 9999 -165 851 5 9999 -160 851 6 9999 -155 851 7 9999 -150 85
35 72 9999 175 -851 1 9999 -180 851 2 9999 -175 851 3 9999 -170 851 4 9999 -165 851 5 9999 -160 851 6 9999 -155 851 7 9999 -150 851 8 9999 -145 85
35 72 9999 175 -851 1 9999 -180 851 2 9999 -175 851 3 9999 -170 851 4 9999 -165 851 5 9999 -160 851 6 9999 -155 851 7 9999 -150 851 8 9999 -145 851 9 9999 -140 85
35 72 9999 175 -851 1 9999 -180 851 2 9999 -175 851 3 9999 -170 851 4 9999 -165 851 5 9999 -160 851 6 9999 -155 851 7 9999 -150 851 8 9999 -145 851 9 9999 -140 851 10 9999 -135 85
35 72 9999 175 -851 1 9999 -180 851 2 9999 -175 851 3 9999 -170 851 4 9999 -165 851 5 9999 -160 851 6 9999 -155 851 7 9999 -150 851 8 9999 -145 851 9 9999 -140 851 10 9999 -135 851 11 9999 -130 85
35 72 9999 175 -851 1 9999 -180 851 2 9999 -175 851 3 9999 -170 851 4 9999 -165 851 5 9999 -160 851 6 9999 -155 851 7 9999 -150 851 8 9999 -145 851 9 9999 -140 851 10 9999 -135 851 11 9999 -130 851 12 9999 -125 85
35 72 9999 175 -851 1 9999 -180 851 2 9999 -175 851 3 9999 -170 851 4 9999 -165 851 5 9999 -160 851 6 9999 -155 851 7 9999 -150 851 8 9999 -145 851 9 9999 -140 851 10 9999 -135 851 11 9999 -130 851 12 9999 -125 851 13 9999 -120 85
35 72 9999 175 -851 1 9999 -180 851 2 9999 -175 851 3 9999 -170 851 4 9999 -165 851 5 9999 -160 851 6 9999 -155 851 7 9999 -150 851 8 9999 -145 851 9 9999 -140 851 10 9999 -135 851 11 9999 -130 851 12 9999 -125 851 13 9999 -120 851 14 9999 -115 85
35 72 9999 175 -851 1 9999 -180 851 2 9999 -175 851 3 9999 -170 851 4 9999 -165 851 5 9999 -160 851 6 9999 -155 851 7 9999 -150 851 8 9999 -145 851 9 9999 -140 851 10 9999 -135 851 11 9999 -130 851 12 9999 -125 851 13 9999 -120 851 14 9999 -115 851 15 9999 -110 85
35 72 9999 175 -851 1 9999 -180 851 2 9999 -175 851 3 9999 -170 851 4 9999 -165 851 5 9999 -160 851 6 9999 -155 851 7 9999 -150 851 8 9999 -145 851 9 9999 -140 851 10 9999 -135 851 11 9999 -130 851 12 9999 -125 851 13 9999 -120 851 14 9999 -115 851 15 9999 -110 851 16 9999 -105 85
35 72 9999 175 -851 1 9999 -180 851 2 9999 -175 851 3 9999 -170 851 4 9999 -165 851 5 9999 -160 851 6 9999 -155 851 7 9999 -150 851 8 9999 -145 851 9 9999 -140 851 10 9999 -135 851 11 9999 -130 851 12 9999 -125 851 13 9999 -120 851 14 9999 -115 851 15 9999 -110 851 16 9999 -105 851 17 9999 -100 85
35 72 9999 175 -851 1 9999 -180 851 2 9999 -175 851 3 9999 -170 851 4 9999 -165 851 5 9999 -160 851 6 9999 -155 851 7 9999 -150 851 8 9999 -145 851 9 9999 -140 851 10 9999 -135 851 11 9999 -130 851 12 9999 -125 851 13 9999 -120 851 14 9999 -115 851 15 9999 -110 851 16 9999 -105 851 17 9999 -100 851 18 9999 -95 85
35 72 9999 175 -851 1 9999 -180 851 2 9999 -175 851 3 9999 -170 851 4 9999 -165 851 5 9999 -160 851 6 9999 -155 851 7 9999 -150 851 8 9999 -145 851 9 9999 -140 851 10 9999 -135 851 11 9999 -130 851 12 9999 -125 851 13 9999 -120 851 14 9999 -115 851 15 9999 -110 851 16 9999 -105 851 17 9999 -100 851 18 9999 -95 851 19 9999 -90 85
35 72 9999 175 -851 1 9999 -180 851 2 9999 -175 851 3 9999 -170 851 4 9999 -165 851 5 9999 -160 851 6 9999 -155 851 7 9999 -150 851 8 9999 -145 851 9 9999 -140 851 10 9999 -135 851 11 9999 -130 851 12 9999 -125 851 13 9999 -120 851 14 9999 -115 851 15 9999 -110 851 16 9999 -105 851 17 9999 -100 851 18 9999 -95 851 19 9999 -90 851 20 9999 -85 85
35 72 9999 175 -851 1 9999 -180 851 2 9999 -175 851 3 9999 -170 851 4 9999 -165 851 5 9999 -160 851 6 9999 -155 851 7 9999 -150 851 8 9999 -145 851 9 9999 -140 851 10 9999 -135 851 11 9999 -130 851 12 9999 -125 851 13 9999 -120 851 14 9999 -115 851 15 9999 -110 851 16 9999 -105 851 17 9999 -100 851 18 9999 -95 851 19 9999 -90 851 20 9999 -85 851 21 9999 -80 85
35 72 9999 175 -851 1 9999 -180 851 2 9999 -175 851 3 9999 -170 851 4 9999 -165 851 5 9999 -160 851 6 9999 -155 851 7 9999 -150 851 8 9999 -145 851 9 9999 -140 851 10 9999 -135 851 11 9999 -130 851 12 9999 -125 851 13 9999 -120 851 14 9999 -115 851 15 9999 -110 851 16 9999 -105 851 17 9999 -100 851 18 9999 -95 851 19 9999 -90 851 20 9999 -85 851 21 9999 -80 851 22 9999 -75 85
35 72 9999 175 -851 1 9999 -180 851 2 9999 -175 851 3 9999 -170 851 4 9999 -165 851 5 9999 -160 851 6 9999 -155 851 7 9999 -150 851 8 9999 -145 851 9 9999 -140 851 10 9999 -135 851 11 9999 -130 851 12 9999 -125 851 13 9999 -120 851 14 9999 -115 851 15 9999 -110 851 16 9999 -105 851 17 9999 -100 851 18 9999 -95 851 19 9999 -90 851 20 9999 -85 851 21 9999 -80 851 22 9999 -75 851 23 9999 -70 85
35 72 9999 175 -851 1 9999 -180 851 2 9999 -175 851 3 9999 -170 851 4 9999 -165 851 5 9999 -160 851 6 9999 -155 851 7 9999 -150 851 8 9999 -145 851 9 9999 -140 851 10 9999 -135 851 11 9999 -130 851 12 9999 -125 851 13 9999 -120 851 14 9999 -115 851 15 9999 -110 851 16 9999 -105 851 17 9999 -100 851 18 9999 -95 851 19 9999 -90 851 20 9999 -85 851 21 9999 -80 851 22 9999 -75 851 23 9999 -70 851 24 9999 -65 85
35 72 9999 175 -851 1 9999 -180 851 2 9999 -175 851 3 9999 -170 851 4 9999 -165 851 5 9999 -160 851 6 9999 -155 851 7 9999 -150 851 8 9999 -145 851 9 9999 -140 851 10 9999 -135 851 11 9999 -130 851 12 9999 -125 851 13 9999 -120 851 14 9999 -115 851 15 9999 -110 851 16 9999 -105 851 17 9999 -100 851 18 9999 -95 851 19 9999 -90 851 20 9999 -85 851 21 9999 -80 851 22 9999 -75 851 23 9999 -70 851 24 9999 -65 851 25 9999 -60 85
35 72 9999 175 -851 1 9999 -180 851 2 9999 -175 851 3 9999 -170 851 4 9999 -165 851 5 9999 -160 851 6 9999 -155 851 7 9999 -150 851 8 9999 -145 851 9 9999 -140 851 10 9999 -135 851 11 9999 -130 851 12 9999 -125 851 13 9999 -120 851 14 9999 -115 851 15 9999 -110 851 16 9999 -105 851 17 9999 -100 851 18 9999 -95 851 19 9999 -90 851 20 9999 -85 851 21 9999 -80 851 22 9999 -75 851 23 9999 -70 851 24 9999 -65 851 25 9999 -60 851 26 9999 -55 85
35 72 9999 175 -851 1 9999 -180 851 2 9999 -175 851 3 9999 -170 851 4 9999 -165 851 5 9999 -160 851 6 9999 -155 851 7 9999 -150 851 8 9999 -145 851 9 9999 -140 851 10 9999 -135 851 11 9999 -130 851 12 9999 -125 851 13 9999 -120 851 14 9999 -115 851 15 9999 -110 851 16 9999 -105 851 17 9999 -100 851 18 9999 -95 851 19 9999 -90 851 20 9999 -85 851 21 9999 -80 851 22 9999 -75 851 23 9999 -70 851 24 9999 -65 851 25 9999 -60 851 26 9999 -55 851 27 9999 -50 85
35 72 9999 175 -851 1 9999 -180 851 2 9999 -175 851 3 9999 -170 851 4 9999 -165 851 5 9999 -160 851 6 9999 -155 851 7 9999 -150 851 8 9999 -145 851 9 9999 -140 851 10 9999 -135 851 11 9999 -130 851 12 9999 -125 851 13 9999 -120 851 14 9999 -115 851 15 9999 -110 851 16 9999 -105 851 17 9999 -100 851 18 9999 -95 851 19 9999 -90 851 20 9999 -85 851 21 9999 -80 851 22 9999 -75 851 23 9999 -70 851 24 9999 -65 851 25 9999 -60 851 26 9999 -55 851 27 9999 -50 851 28 9999 -45 85
35 72 9999 175 -851 1 9999 -180 851 2 9999 -175 851 3 9999 -170 851 4 9999 -165 851 5 9999 -160 851 6 9999 -155 851 7 9999 -150 851 8 9999 -145 851 9 9999 -140 851 10 9999 -135 851 11 9999 -130 851 12 9999 -125 851 13 9999 -120 851 14 9999 -115 851 15 9999 -110 851 16 9999 -105 851 17 9999 -100 851 18 9999 -95 851 19 9999 -90 851 20 9999 -85 851 21 9999 -80 851 22 9999 -75 851 23 9999 -70 851 24 9999 -65 851 25 9999 -60 851 26 9999 -55 851 27 9999 -50 851 28 9999 -45 851 29 9999 -40 85
35 72 9999 175 -851 1 9999 -180 851 2 9999 -175 851 3 9999 -170 851 4 9999 -165 851 5 9999 -160 851 6 9999 -155 851 7 9999 -150 851 8 9999 -145 851 9 9999 -140 851 10 9999 -135 851 11 9999 -130 851 12 9999 -125 851 13 9999 -120 851 14 9999 -115 851 15 9999 -110 851 16 9999 -105 851 17 9999 -100 851 18 9999 -95 851 19 9999 -90 851 20 9999 -85 851 21 9999 -80 851 22 9999 -75 851 23 9999 -70 851 24 9999 -65 851 25 9999 -60 851 26 9999 -55 851 27 9999 -50 851 28 9999 -45 851 29 9999 -40 851 30 9999 -35 85
35 72 9999 175 -851 1 9999 -180 851 2 9999 -175 851 3 9999 -170 851 4 9999 -165 851 5 9999 -160 851 6 9999 -155 851 7 9999 -150 851 8 9999 -145 851 9 9999 -140 851 10 9999 -135 851 11 9999 -130 851 12 9999 -125 851 13 9999 -120 851 14 9999 -115 851 15 9999 -110 851 16 9999 -105 851 17 9999 -100 851 18 9999 -95 851 19 9999 -90 851 20 9999 -85 851 21 9999 -80 851 22 9999 -75 851 23 9999 -70 851 24 9999 -65 851 25 9999 -60 851 26 9999 -55 851 27 9999 -50 851 28 9999 -45 851 29 9999 -40 851 30 9999 -35 851 31 9999 -30 85
35 72 9999 175 -851 1 9999 -180 851 2 9999 -175 851 3 9999 -170 851 4 9999 -165 851 5 9999 -160 851 6 9999 -155 851 7 9999 -150 851 8 9999 -145 851 9 9999 -140 851 10 9999 -135 851 11 9999 -130 851 12 9999 -125 851 13 9999 -120 851 14 9999 -115 851 15 9999 -110 851 16 9999 -105 851 17 9999 -100 851 18 9999 -95 851 19 9999 -90 851 20 9999 -85 851 21 9999 -80 851 22 9999 -75 851 23 9999 -70 851 24 9999 -65 851 25 9999 -60 851 26 9999 -55 851 27 9999 -50 851 28 9999 -45 851 29 9999 -40 851 30 9999 -35 851 31 9999 -30 851 32 9999 -25 85
35 72 9999 175 -851 1 9999 -180 851 2 9999 -175 851 3 9999 -170 851 4 9999 -165 851 5 9999 -160 851 6 9999 -155 851 7 9999 -150 851 8 9999 -145 851 9 9999 -140 851 10 9999 -135 851 11 9999 -130 851 12 9999 -125 851 13 9999 -120 851 14 9999 -115 851 15 9999 -110 851 16 9999 -105 851 17 9999 -100 851 18 9999 -95 851 19 9999 -90 851 20 9999 -85 851 21 9999 -80 851 22 9999 -75 851 23 9999 -70 851 24 9999 -65 851 25 9999 -60 851 26 9999 -55 851 27 9999 -50 851 28 9999 -45 851 29 9999 -40 851 30 9999 -35 851 31 9999 -30 851 32 9999 -25 851 33 9999 -20 85
35 72 9999 175 -851 1 9999 -180 851 2 9999 -175 851 3 9999 -170 851 4 9999 -165 851 5 9999 -160 851 6 9999 -155 851 7 9999 -150 851 8 9999 -145 851 9 9999 -140 851 10 9999 -135 851 11 9999 -130 851 12 9999 -125 851 13 9999 -120 851 14 9999 -115 851 15 9999 -110 851 16 9999 -105 851 17 9999 -100 851 18 9999 -95 851 19 9999 -90 851 20 9999 -85 851 21 9999 -80 851 22 9999 -75 851 23 9999 -70 851 24 9999 -65 851 25 9999 -60 851 26 9999 -55 851 27 9999 -50 851 28 9999 -45 851 29 9999 -40 851 30 9999 -35 851 31 9999 -30 851 32 9999 -25 851 33 9999 -20 851 34 9999 -15 85
35 72 9999 175 -851 1 9999 -180 851 2 9999 -175 851 3 9999 -170 851 4 9999 -165 851 5 9999 -160 851 6 9999 -155 851 7 9999 -150 851 8 9999 -145 851 9 9999 -140 851 10 9999 -135 851 11 9999 -130 851 12 9999 -125 851 13 9999 -120 851 14 9999 -115 851 15 9999 -110 851 16 9999 -105 851 17 9999 -100 851 18 9999 -95 851 19 9999 -90 851 20 9999 -85 851 21 9999 -80 851 22 9999 -75 851 23 9999 -70 851 24 9999 -65 851 25 9999 -60 851 26 9999 -55 851 27 9999 -50 851 28 9999 -45 851 29 9999 -40 851 30 9999 -35 851 31 9999 -30 851 32 9999 -25 851 33 9999 -20 851 34 9999 -15 851 35 9999 -10 85
35 72 9999 175 -851 1 9999 -180 851 2 9999 -175 851 3 9999 -170 851 4 9999 -165 851 5 9999 -160 851 6 9999 -155 851 7 9999 -150 851 8 9999 -145 851 9 9999 -140 851 10 9999 -135 851 11 9999 -130 851 12 9999 -125 851 13 9999 -120 851 14 9999 -115 851 15 9999 -110 851 16 9999 -105 851 17 9999 -100 851 18 9999 -95 851 19 9999 -90 851 20 9999 -85 851 21 9999 -80 851 22 9999 -75 851 23 9999 -70 851 24 9999 -65 851 25 9999 -60 851 26 9999 -55 851 27 9999 -50 851 28 9999 -45 851 29 9999 -40 851 30 9999 -35 851 31 9999 -30 851 32 9999 -25 851 33 9999 -20 851 34 9999 -15 851 35 9999 -10 851 36 9999 -5 85
35 72 9999 175 -851 1 9999 -180 851 2 9999 -175 851 3 9999 -170 851 4 9999 -165 851 5 9999 -160 851 6 9999 -155 851 7 9999 -150 851 8 9999 -145 851 9 9999 -140 851 10 9999 -135 851 11 9999 -130 851 12 9999 -125 851 13 9999 -120 851 14 9999 -115 851 15 9999 -110 851 16 9999 -105 851 17 9999 -100 851 18 9999 -95 851 19 9999 -90 851 20 9999 -85 851 21 9999 -80 851 22 9999 -75 851 23 9999 -70 851 24 9999 -65 851 25 9999 -60 851 26 9999 -55 851 27 9999 -50 851 28 9999 -45 851 29 9999 -40 851 30 9999 -35 851 31 9999 -30 851 32 9999 -25 851 33 9999 -20 851 34 9999 -15 851 35 9999 -10 851 36 9999 -5 851 37 9999 0 85
35 72 9999 175 -851 1 9999 -180 851 2 9999 -175 851 3 9999 -170 851 4 9999 -165 851 5 9999 -160 851 6 9999 -155 851 7 9999 -150 851 8 9999 -145 851 9 9999 -140 851 10 9999 -135 851 11 9999 -130 851 12 9999 -125 851 13 9999 -120 851 14 9999 -115 851 15 9999 -110 851 16 9999 -105 851 17 9999 -100 851 18 9999 -95 851 19 9999 -90 851 20 9999 -85 851 21 9999 -80 851 22 9999 -75 851 23 9999 -70 851 24 9999 -65 851 25 9999 -60 851 26 9999 -55 851 27 9999 -50 851 28 9999 -45 851 29 9999 -40 851 30 9999 -35 851 31 9999 -30 851 32 9999 -25 851 33 9999 -20 851 34 9999 -15 851 35 9999 -10 851 36 9999 -5 851 37 9999 0 851 38 9999 5 85
35 72 9999 175 -851 1 9999 -180 851 2 9999 -175 851 3 9999 -170 851 4 9999 -165 851 5 9999 -160 851 6 9999 -155 851 7 9999 -150 851 8 9999 -145 851 9 9999 -140 851 10 9999 -135 851 11 9999 -130 851 12 9999 -125 851 13 9999 -120 851 14 9999 -115 851 15 9999 -110 851 16 9999 -105 851 17 9999 -100 851 18 9999 -95 851 19 9999 -90 851 20 9999 -85 851 21 9999 -80 851 22 9999 -75 851 23 9999 -70 851 24 9999 -65 851 25 9999 -60 851 26 9999 -55 851 27 9999 -50 851 28 9999 -45 851 29 9999 -40 851 30 9999 -35 851 31 9999 -30 851 32 9999 -25 851 33 9999 -20 851 34 9999 -15 851 35 9999 -10 851 36 9999 -5 851 37 9999 0 851 38 9999 5 851 39 9999 10 85
35 72 9999 175 -851 1 9999 -180 851 2 9999 -175 851 3 9999 -170 851 4 9999 -165 851 5 9999 -160 851 6 9999 -155 851 7 9999 -150 851 8 9999 -145 851 9 9999 -140 851 10 9999 -135 851 11 9999 -130 851 12 9999 -125 851 13 9999 -120 851 14 9999 -115 851 15 9999 -110 851 16 9999 -105 851 17 9999 -100 851 18 9999 -95 851 19 9999 -90 851 20 9999 -85 851 21 9999 -80 851 22 9999 -75 851 23 9999 -70 851 24 9999 -65 851 25 9999 -60 851 26 9999 -55 851 27 9999 -50 851 28 9999 -45 851 29 9999 -40 851 30 9999 -35 851 31 9999 -30 851 32 9999 -25 851 33 9999 -20 851 34 9999 -15 851 35 9999 -10 851 36 9999 -5 851 37 9999 0 851 38 9999 5 851 39 9999 10 851 40 9999 15 85
35 72 9999 175 -851 1 9999 -180 851 2 9999 -175 851 3 9999 -170 851 4 9999 -165 851 5 9999 -160 851 6 9999 -155 851 7 9999 -150 851 8 9999 -145 851 9 9999 -140 851 10 9999 -135 851 11 9999 -130 851 12 9999 -125 851 13 9999 -120 851 14 9999 -115 851 15 9999 -110 851 16 9999 -105 851 17 9999 -100 851 18 9999 -95 851 19 9999 -90 851 20 9999 -85 851 21 9999 -80 851 22 9999 -75 851 23 9999 -70 851 24 9999 -65 851 25 9999 -60 851 26 9999 -55 851 27 9999 -50 851 28 9999 -45 851 29 9999 -40 851 30 9999 -35 851 31 9999 -30 851 32 9999 -25 851 33 9999 -20 851 34 9999 -15 851 35 9999 -10 851 36 9999 -5 851 37 9999 0 851 38 9999 5 851 39 9999 10 851 40 9999 15 851 41 9999 20 85
35 72 9999 175 -851 1 9999 -180 851 2 9999 -175 851 3 9999 -170 851 4 9999 -165 851 5 9999 -160 851 6 9999 -155 851 7 9999 -150 851 8 9999 -145 851 9 9999 -140 851 10 9999 -135 851 11 9999 -130 851 12 9999 -125 851 13 9999 -120 851 14 9999 -115 851 15 9999 -110 851 16 9999 -105 851 17 9999 -100 851 18 9999 -95 851 19 9999 -90 851 20 9999 -85 851 21 9999 -80 851 22 9999 -75 851 23 9999 -70 851 24 9999 -65 851 25 9999 -60 851 26 9999 -55 851 27 9999 -50 851 28 9999 -45 851 29 9999 -40 851 30 9999 -35 851 31 9999 -30 851 32 9999 -25 851 33 9999 -20 851 34 9999 -15 851 35 9999 -10 851 36 9999 -5 851 37 9999 0 851 38 9999 5 851 39 9999 10 851 40 9999 15 851 41 9999 20 851 42 9999 25 85
35 72 9999 175 -851 1 9999 -180 851 2 9999 -175 851 3 9999 -170 851 4 9999 -165 851 5 9999 -160 851 6 9999 -155 851 7 9999 -150 851 8 9999 -145 851 9 9999 -140 851 10 9999 -135 851 11 9999 -130 851 12 9999 -125 851 13 9999 -120 851 14 9999 -115 851 15 9999 -110 851 16 9999 -105 851 17 9999 -100 851 18 9999 -95 851 19 9999 -90 851 20 9999 -85 851 21 9999 -80 851 22 9999 -75 851 23 9999 -70 851 24 9999 -65 851 25 9999 -60 851 26 9999 -55 851 27 9999 -50 851 28 9999 -45 851 29 9999 -40 851 30 9999 -35 851 31 9999 -30 851 32 9999 -25 851 33 9999 -20 851 34 9999 -15 851 35 9999 -10 851 36 9999 -5 851 37 9999 0 851 38 9999 5 851 39 9999 10 851 40 9999 15 851 41 9999 20 851 42 9999 25 851 43 9999 30 85
35 72 9999 175 -851 1 9999 -180 851 2 9999 -175 851 3 9999 -170 851 4 9999 -165 851 5 9999 -160 851 6 9999 -155 851 7 9999 -150 851 8 9999 -145 851 9 9999 -140 851 10 9999 -135 851 11 9999 -130 851 12 9999 -125 851 13 9999 -120 851 14 9999 -115 851 15 9999 -110 851 16 9999 -105 851 17 9999 -100 851 18 9999 -95 851 19 9999 -90 851 20 9999 -85 851 21 9999 -80 851 22 9999 -75 851 23 9999 -70 851 24 9999 -65 851 25 9999 -60 851 26 9999 -55 851 27 9999 -50 851 28 9999 -45 851 29 9999 -40 851 30 9999 -35 851 31 9999 -30 851 32 9999 -25 851 33 9999 -20 851 34 9999 -15 851 35 9999 -10 851 36 9999 -5 851 37 9999 0 851 38 9999 5 851 39 9999 10 851 40 9999 15 851 41 9999 20 851 42 9999 25 851 43 9999 30 851 44 9999 35 85
35 72 9999 175 -851 1 9999 -180 851 2 9999 -175 851 3 9999 -170 851 4 9999 -165 851 5 9999 -160 851 6 9999 -155 851 7 9999 -150 851 8 9999 -145 851 9 9999 -140 851 10 9999 -135 851 11 9999 -130 851 12 9999 -125 851 13 9999 -120 851 14 9999 -115 851 15 9999 -110 851 16 9999 -105 851 17 9999 -100 851 18 9999 -95 851 19 9999 -90 851 20 9999 -85 851 21 9999 -80 851 22 9999 -75 851 23 9999 -70 851 24 9999 -65 851 25 9999 -60 851 26 9999 -55 851 27 9999 -50 851 28 9999 -45 851 29 9999 -40 851 30 9999 -35 851 31 9999 -30 851 32 9999 -25 851 33 9999 -20 851 34 9999 -15 851 35 9999 -10 851 36 9999 -5 851 37 9999 0 851 38 9999 5 851 39 9999 10 851 40 9999 15 851 41 9999 20 851 42 9999 25 851 43 9999 30 851 44 9999 35 851 45 9999 40 85
35 72 9999 175 -851 1 9999 -180 851 2 9999 -175 851 3 9999 -170 851 4 9999 -165 851 5 9999 -160 851 6 9999 -155 851 7 9999 -150 851 8 9999 -145 851 9 9999 -140 851 10 9999 -135 851 11 9999 -130 851 12 9999 -125 851 13 9999 -120 851 14 9999 -115 851 15 9999 -110 851 16 9999 -105 851 17 9999 -100 851 18 9999 -95 851 19 9999 -90 851 20 9999 -85 851 21 9999 -80 851 22 9999 -75 851 23 9999 -70 851 24 9999 -65 851 25 9999 -60 851 26 9999 -55 851 27 9999 -50 851 28 9999 -45 851 29 9999 -40 851 30 9999 -35 851 31 9999 -30 851 32 9999 -25 851 33 9999 -20 851 34 9999 -15 851 35 9999 -10 851 36 9999 -5 851 37 9999 0 851 38 9999 5 851 39 9999 10 851 40 9999 15 851 41 9999 20 851 42 9999 25 851 43 9999 30 851 44 9999 35 851 45 9999 40 851 46 9999 45 85
35 72 9999 175 -851 1 9999 -180 851 2 9999 -175 851 3 9999 -170 851 4 9999 -165 851 5 9999 -160 851 6 9999 -155 851 7 9999 -150 851 8 9999 -145 851 9 9999 -140 851 10 9999 -135 851 11 9999 -130 851 12 9999 -125 851 13 9999 -120 851 14 9999 -115 851 15 9999 -110 851 16 9999 -105 851 17 9999 -100 851 18 9999 -95 851 19 9999 -90 851 20 9999 -85 851 21 9999 -80 851 22 9999 -75 851 23 9999 -70 851 24 9999 -65 851 25 9999 -60 851 26 9999 -55 851 27 9999 -50 851 28 9999 -45 851 29 9999 -40 851 30 9999 -35 851 31 9999 -30 851 32 9999 -25 851 33 9999 -20 851 34 9999 -15 851 35 9999 -10 851 36 9999 -5 851 37 9999 0 851 38 9999 5 851 39 9999 10 851 40 9999 15 851 41 9999 20 851 42 9999 25 851 43 9999 30 851 44 9999 35 851 45 9999 40 851 46 9999 45 851 47 9999 50 85
35 72 9999 175 -851 1 9999 -180 851 2 9999 -175 851 3 9999 -170 851 4 9999 -165 851 5 9999 -160 851 6 9999 -155 851 7 9999 -150 851 8 9999 -145 851 9 9999 -140 851 10 9999 -135 851 11 9999 -130 851 12 9999 -125 851 13 9999 -120 851 14 9999 -115 851 15 9999 -110 851 16 9999 -105 851 17 9999 -100 851 18 9999 -95 851 19 9999 -90 851 20 9999 -85 851 21 9999 -80 851 22 9999 -75 851 23 9999 -70 851 24 9999 -65 851 25 9999 -60 851 26 9999 -55 851 27 9999 -50 851 28 9999 -45 851 29 9999 -40 851 30 9999 -35 851 31 9999 -30 851 32 9999 -25 851 33 9999 -20 851 34 9999 -15 851 35 9999 -10 851 36 9999 -5 851 37 9999 0 851 38 9999 5 851 39 9999 10 851 40 9999 15 851 41 9999 20 851 42 9999 25 851 43 9999 30 851 44 9999 35 851 45 9999 40 851 46 9999 45 851 47 9999 50 851 48 9999 55 85
35 72 9999 175 -851 1 9999 -180 851 2 9999 -175 851 3 9999 -170 851 4 9999 -165 851 5 9999 -160 851 6 9999 -155 851 7 9999 -150 851 8 9999 -145 851 9 9999 -140 851 10 9999 -135 851 11 9999 -130 851 12 9999 -125 851 13 9999 -120 851 14 9999 -115 851 15 9999 -110 851 16 9999 -105 851 17 9999 -100 851 18 9999 -95 851 19 9999 -90 851 20 9999 -85 851 21 9999 -80 851 22 9999 -75 851 23 9999 -70 851 24 9999 -65 851 25 9999 -60 851 26 9999 -55 851 27 9999 -50 851 28 9999 -45 851 29 9999 -40 851 30 9999 -35 851 31 9999 -30 851 32 9999 -25 851 33 9999 -20 851 34 9999 -15 851 35 9999 -10 851 36 9999 -5 851 37 9999 0 851 38 9999 5 851 39 9999 10 851 40 9999 15 851 41 9999 20 851 42 9999 25 851 43 9999 30 851 44 9999 35 851 45 9999 40 851 46 9999 45 851 47 9999 50 851 48 9999 55 851 49 9999 60 85
35 72 9999 175 -851 1 9999 -180 851 2 9999 -175 851 3 9999 -170 851 4 9999 -165 851 5 9999 -160 851 6 9999 -155 851 7 9999 -150 851 8 9999 -145 851 9 9999 -140 851 10 9999 -135 851 11 9999 -130 851 12 9999 -125 851 13 9999 -120 851 14 9999 -115 851 15 9999 -110 851 16 9999 -105 851 17 9999 -100 851 18 9999 -95 851 19 9999 -90 851 20 9999 -85 851 21 9999 -80 851 22 9999 -75 851 23 9999 -70 851 24 9999 -65 851 25 9999 -60 851 26 9999 -55 851 27 9999 -50 851 28 9999 -45 851 29 9999 -40 851 30 9999 -35 851 31 9999 -30 851 32 9999 -25 851 33 9999 -20 851 34 9999 -15 851 35 9999 -10 851 36 9999 -5 851 37 9999 0 851 38 9999 5 851 39 9999 10 851 40 9999 15 851 41 9999 20 851 42 9999 25 851 43 9999 30 851 44 9999 35 851 45 9999 40 851 46 9999 45 851 47 9999 50 851 48 9999 55 851 49 9999 60 851 50 9999 65 85
35 72 9999 175 -851 1 9999 -180 851 2 9999 -175 851 3 9999 -170 851 4 9999 -165 851 5 9999 -160 851 6 9999 -155 851 7 9999 -150 851 8 9999 -145 851 9 9999 -140 851 10 9999 -135 851 11 9999 -130 851 12 9999 -125 851 13 9999 -120 851 14 9999 -115 851 15 9999 -110 851 16 9999 -105 851 17 9999 -100 851 18 9999 -95 851 19 9999 -90 851 20 9999 -85 851 21 9999 -80 851 22 9999 -75 851 23 9999 -70 851 24 9999 -65 851 25 9999 -60 851 26 9999 -55 851 27 9999 -50 851 28 9999 -45 851 29 9999 -40 851 30 9999 -35 851 31 9999 -30 851 32 9999 -25 851 33 9999 -20 851 34 9999 -15 851 35 9999 -10 851 36 9999 -5 851 37 9999 0 851 38 9999 5 851 39 9999 10 851 40 9999 15 851 41 9999 20 851 42 9999 25 851 43 9999 30 851 44 9999 35 851 45 9999 40 851 46 9999 45 851 47 9999 50 851 48 9999 55 851 49 9999 60 851 50 9999 65 851 51 9999 70 85
35 72 9999 175 -851 1 9999 -180 851 2 9999 -175 851 3 9999 -170 851 4 9999 -165 851 5 9999 -160 851 6 9999 -155 851 7 9999 -150 851 8 9999 -145 851 9 9999 -140 851 10 9999 -135 851 11 9999 -130 851 12 9999 -125 851 13 9999 -120 851 14 9999 -115 851 15 9999 -110 851 16 9999 -105 851 17 9999 -100 851 18 9999 -95 851 19 9999 -90 851 20 9999 -85 851 21 9999 -80 851 22 9999 -75 851 23 9999 -70 851 24 9999 -65 851 25 9999 -60 851 26 9999 -55 851 27 9999 -50 851 28 9999 -45 851 29 9999 -40 851 30 9999 -35 851 31 9999 -30 851 32 9999 -25 851 33 9999 -20 851 34 9999 -15 851 35 9999 -10 851 36 9999 -5 851 37 9999 0 851 38 9999 5 851 39 9999 10 851 40 9999 15 851 41 9999 20 851 42 9999 25 851 43 9999 30 851 44 9999 35 851 45 9999 40 851 46 9999 45 851 47 9999 50 851 48 9999 55 851 49 9999 60 851 50 9999 65 851 51 9999 70 851 52 9999 75 85
35 72 9999 175 -851 1 9999 -180 851 2 9999 -175 851 3 9999 -170 851 4 9999 -165 851 5 9999 -160 851 6 9999 -155 851 7 9999 -150 851 8 9999 -145 851 9 9999 -140 851 10 9999 -135 851 11 9999 -130 851 12 9999 -125 851 13 9999 -120 851 14 9999 -115 851 15 9999 -110 851 16 9999 -105 851 17 9999 -100 851 18 9999 -95 851 19 9999 -90 851 20 9999 -85 851 21 9999 -80 851 22 9999 -75 851 23 9999 -70 851 24 9999 -65 851 25 9999 -60 851 26 9999 -55 851 27 9999 -50 851 28 9999 -45 851 29 9999 -40 851 30 9999 -35 851 31 9999 -30 851 32 9999 -25 851 33 9999 -20 851 34 9999 -15 851 35 9999 -10 851 36 9999 -5 851 37 9999 0 851 38 9999 5 851 39 9999 10 851 40 9999 15 851 41 9999 20 851 42 9999 25 851 43 9999 30 851 44 9999 35 851 45 9999 40 851 46 9999 45 851 47 9999 50 851 48 9999 55 851 49 9999 60 851 50 9999 65 851 51 9999 70 851 52 9999 75 851 53 9999 80 85
35 72 9999 175 -851 1 9999 -180 851 2 9999 -175 851 3 9999 -170 851 4 9999 -165 851 5 9999 -160 851 6 9999 -155 851 7 9999 -150 851 8 9999 -145 851 9 9999 -140 851 10 9999 -135 851 11 9999 -130 851 12 9999 -125 851 13 9999 -120 851 14 9999 -115 851 15 9999 -110 851 16 9999 -105 851 17 9999 -100 851 18 9999 -95 851 19 9999 -90 851 20 9999 -85 851 21 9999 -80 851 22 9999 -75 851 23 9999 -70 851 24 9999 -65 851 25 9999 -60 851 26 9999 -55 851 27 9999 -50 851 28 9999 -45 851 29 9999 -40 851 30 9999 -35 851 31 9999 -30 851 32 9999 -25 851 33 9999 -20 851 34 9999 -15 851 35 9999 -10 851 36 9999 -5 851 37 9999 0 851 38 9999 5 851 39 9999 10 851 40 9999 15 851 41 9999 20 851 42 9999 25 851 43 9999 30 851 44 9999 35 851 45 9999 40 851 46 9999 45 851 47 9999 50 851 48 9999 55 851 49 9999 60 851 50 9999 65 851 51 9999 70 851 52 9999 75 851 53 9999 80 851 54 9999 85 85
35 72 9999 175 -851 1 9999 -180 851 2 9999 -175 851 3 9999 -170 851 4 9999 -165 851 5 9999 -160 851 6 9999 -155 851 7 9999 -150 851 8 9999 -145 851 9 9999 -140 851 10 9999 -135 851 11 9999 -130 851 12 9999 -125 851 13 9999 -120 851 14 9999 -115 851 15 9999 -110 851 16 9999 -105 851 17 9999 -100 851 18 9999 -95 851 19 9999 -90 851 20 9999 -85 851 21 9999 -80 851 22 9999 -75 851 23 9999 -70 851 24 9999 -65 851 25 9999 -60 851 26 9999 -55 851 27 9999 -50 851 28 9999 -45 851 29 9999 -40 851 30 9999 -35 851 31 9999 -30 851 32 9999 -25 851 33 9999 -20 851 34 9999 -15 851 35 9999 -10 851 36 9999 -5 851 37 9999 0 851 38 9999 5 851 39 9999 10 851 40 9999 15 851 41 9999 20 851 42 9999 25 851 43 9999 30 851 44 9999 35 851 45 9999 40 851 46 9999 45 851 47 9999 50 851 48 9999 55 851 49 9999 60 851 50 9999 65 851 51 9999 70 851 52 9999 75 851 53 9999 80 851 54 9999 85 851 55 9999 90 85
35 72 9999 175 -851 1 9999 -180 851 2 9999 -175 851 3 9999 -170 851 4 9999 -165 851 5 9999 -160 851 6 9999 -155 851 7 9999 -150 851 8 9999 -145 851 9 9999 -140 851 10 9999 -135 851 11 9999 -130 851 12 9999 -125 851 13 9999 -120 851 14 9999 -115 851 15 9999 -110 851 16 9999 -105 851 17 9999 -100 851 18 9999 -95 851 19 9999 -90 851 20 9999 -85 851 21 9999 -80 851 22 9999 -75 851 23 9999 -70 851 24 9999 -65 851 25 9999 -60 851 26 9999 -55 851 27 9999 -50 851 28 9999 -45 851 29 9999 -40 851 30 9999 -35 851 31 9999 -30 851 32 9999 -25 851 33 9999 -20 851 34 9999 -15 851 35 9999 -10 851 36 9999 -5 851 37 9999 0 851 38 9999 5 851 39 9999 10 851 40 9999 15 851 41 9999 20 851 42 9999 25 851 43 9999 30 851 44 9999 35 851 45 9999 40 851 46 9999 45 851 47 9999 50 851 48 9999 55 851 49 9999 60 851 50 9999 65 851 51 9999 70 851 52 9999 75 851 53 9999 80 851 54 9999 85 851 55 9999 90 851 56 9999 95 85
35 72 9999 175 -851 1 9999 -180 851 2 9999 -175 851 3 9999 -170 851 4 9999 -165 851 5 9999 -160 851 6 9999 -155 851 7 9999 -150 851 8 9999 -145 851 9 9999 -140 851 10 9999 -135 851 11 9999 -130 851 12 9999 -125 851 13 9999 -120 851 14 9999 -115 851 15 9999 -110 851 16 9999 -105 851 17 9999 -100 851 18 9999 -95 851 19 9999 -90 851 20 9999 -85 851 21 9999 -80 851 22 9999 -75 851 23 9999 -70 851 24 9999 -65 851 25 9999 -60 851 26 9999 -55 851 27 9999 -50 851 28 9999 -45 851 29 9999 -40 851 30 9999 -35 851 31 9999 -30 851 32 9999 -25 851 33 9999 -20 851 34 9999 -15 851 35 9999 -10 851 36 9999 -5 851 37 9999 0 851 38 9999 5 851 39 9999 10 851 40 9999 15 851 41 9999 20 851 42 9999 25 851 43 9999 30 851 44 9999 35 851 45 9999 40 851 46 9999 45 851 47 9999 50 851 48 9999 55 851 49 9999 60 851 50 9999 65 851 51 9999 70 851 52 9999 75 851 53 9999 80 851 54 9999 85 851 55 9999 90 851 56 9999 95 851 57 9999 100 85
35 72 9999 175 -851 1 9999 -180 851 2 9999 -175 851 3 9999 -170 851 4 9999 -165 851 5 9999 -160 851 6 9999 -155 851 7 9999 -150 851 8 9999 -145 851 9 9999 -140 851 10 9999 -135 851 11 9999 -130 851 12 9999 -125 851 13 9999 -120 851 14 9999 -115 851 15 9999 -110 851 16 9999 -105 851 17 9999 -100 851 18 9999 -95 851 19 9999 -90 851 20 9999 -85 851 21 9999 -80 851 22 9999 -75 851 23 9999 -70 851 24 9999 -65 851 25 9999 -60 851 26 9999 -55 851 27 9999 -50 851 28 9999 -45 851 29 9999 -40 851 30 9999 -35 851 31 9999 -30 851 32 9999 -25 851 33 9999 -20 851 34 9999 -15 851 35 9999 -10 851 36 9999 -5 851 37 9999 0 851 38 9999 5 851 39 9999 10 851 40 9999 15 851 41 9999 20 851 42 9999 25 851 43 9999 30 851 44 9999 35 851 45 9999 40 851 46 9999 45 851 47 9999 50 851 48 9999 55 851 49 9999 60 851 50 9999 65 851 51 9999 70 851 52 9999 75 851 53 9999 80 851 54 9999 85 851 55 9999 90 851 56 9999 95 851 57 9999 100 851 58 9999 105 85
35 72 9999 175 -851 1 9999 -180 851 2 9999 -175 851 3 9999 -170 851 4 9999 -165 851 5 9999 -160 851 6 9999 -155 851 7 9999 -150 851 8 9999 -145 851 9 9999 -140 851 10 9999 -135 851 11 9999 -130 851 12 9999 -125 851 13 9999 -120 851 14 9999 -115 851 15 9999 -110 851 16 9999 -105 851 17 9999 -100 851 18 9999 -95 851 19 9999 -90 851 20 9999 -85 851 21 9999 -80 851 22 9999 -75 851 23 9999 -70 851 24 9999 -65 851 25 9999 -60 851 26 9999 -55 851 27 9999 -50 851 28 9999 -45 851 29 9999 -40 851 30 9999 -35 851 31 9999 -30 851 32 9999 -25 851 33 9999 -20 851 34 9999 -15 851 35 9999 -10 851 36 9999 -5 851 37 9999 0 851 38 9999 5 851 39 9999 10 851 40 9999 15 851 41 9999 20 851 42 9999 25 851 43 9999 30 851 44 9999 35 851 45 9999 40 851 46 9999 45 851 47 9999 50 851 48 9999 55 851 49 9999 60 851 50 9999 65 851 51 9999 70 851 52 9999 75 851 53 9999 80 851 54 9999 85 851 55 9999 90 851 56 9999 95 851 57 9999 100 851 58 9999 105 851 59 9999 110 85
35 72 9999 175 -851 1 9999 -180 851 2 9999 -175 851 3 9999 -170 851 4 9999 -165 851 5 9999 -160 851 6 9999 -155 851 7 9999 -150 851 8 9999 -145 851 9 9999 -140 851 10 9999 -135 851 11 9999 -130 851 12 9999 -125 851 13 9999 -120 851 14 9999 -115 851 15 9999 -110 851 16 9999 -105 851 17 9999 -100 851 18 9999 -95 851 19 9999 -90 851 20 9999 -85 851 21 9999 -80 851 22 9999 -75 851 23 9999 -70 851 24 9999 -65 851 25 9999 -60 851 26 9999 -55 851 27 9999 -50 851 28 9999 -45 851 29 9999 -40 851 30 9999 -35 851 31 9999 -30 851 32 9999 -25 851 33 9999 -20 851 34 9999 -15 851 35 9999 -10 851 36 9999 -5 851 37 9999 0 851 38 9999 5 851 39 9999 10 851 40 9999 15 851 41 9999 20 851 42 9999 25 851 43 9999 30 851 44 9999 35 851 45 9999 40 851 46 9999 45 851 47 9999 50 851 48 9999 55 851 49 9999 60 851 50 9999 65 851 51 9999 70 851 52 9999 75 851 53 9999 80 851 54 9999 85 851 55 9999 90 851 56 9999 95 851 57 9999 100 851 58 9999 105 851 59 9999 110 851 60 9999 115 85
35 72 9999 175 -851 1 9999 -180 851 2 9999 -175 851 3 9999 -170 851 4 9999 -165 851 5 9999 -160 851 6 9999 -155 851 7 9999 -150 851 8 9999 -145 851 9 9999 -140 851 10 9999 -135 851 11 9999 -130 851 12 9999 -125 851 13 9999 -120 851 14 9999 -115 851 15 9999 -110 851 16 9999 -105 851 17 9999 -100 851 18 9999 -95 851 19 9999 -90 851 20 9999 -85 851 21 9999 -80 851 22 9999 -75 851 23 9999 -70 851 24 9999 -65 851 25 9999 -60 851 26 9999 -55 851 27 9999 -50 851 28 9999 -45 851 29 9999 -40 851 30 9999 -35 851 31 9999 -30 851 32 9999 -25 851 33 9999 -20 851 34 9999 -15 851 35 9999 -10 851 36 9999 -5 851 37 9999 0 851 38 9999 5 851 39 9999 10 851 40 9999 15 851 41 9999 20 851 42 9999 25 851 43 9999 30 851 44 9999 35 851 45 9999 40 851 46 9999 45 851 47 9999 50 851 48 9999 55 851 49 9999 60 851 50 9999 65 851 51 9999 70 851 52 9999 75 851 53 9999 80 851 54 9999 85 851 55 9999 90 851 56 9999 95 851 57 9999 100 851 58 9999 105 851 59 9999 110 851 60 9999 115 851 61 9999 120 85
35 72 9999 175 -851 1 9999 -180 851 2 9999 -175 851 3 9999 -170 851 4 9999 -165 851 5 9999 -160 851 6 9999 -155 851 7 9999 -150 851 8 9999 -145 851 9 9999 -140 851 10 9999 -135 851 11 9999 -130 851 12 9999 -125 851 13 9999 -120 851 14 9999 -115 851 15 9999 -110 851 16 9999 -105 851 17 9999 -100 851 18 9999 -95 851 19 9999 -90 851 20 9999 -85 851 21 9999 -80 851 22 9999 -75 851 23 9999 -70 851 24 9999 -65 851 25 9999 -60 851 26 9999 -55 851 27 9999 -50 851 28 9999 -45 851 29 9999 -40 851 30 9999 -35 851 31 9999 -30 851 32 9999 -25 851 33 9999 -20 851 34 9999 -15 851 35 9999 -10 851 36 9999 -5 851 37 9999 0 851 38 9999 5 851 39 9999 10 851 40 9999 15 851 41 9999 20 851 42 9999 25 851 43 9999 30 851 44 9999 35 851 45 9999 40 851 46 9999 45 851 47 9999 50 851 48 9999 55 851 49 9999 60 851 50 9999 65 851 51 9999 70 851 52 9999 75 851 53 9999 80 851 54 9999 85 851 55 9999 90 851 56 9999 95 851 57 9999 100 851 58 9999 105 851 59 9999 110 851 60 9999 115 851 61 9999 120 851 62 9999 125 85
35 72 9999 175 -851 1 9999 -180 851 2 9999 -175 851 3 9999 -170 851 4 9999 -165 851 5 9999 -160 851 6 9999 -155 851 7 9999 -150 851 8 9999 -145 851 9 9999 -140 851 10 9999 -135 851 11 9999 -130 851 12 9999 -125 851 13 9999 -120 851 14 9999 -115 851 15 9999 -110 851 16 9999 -105 851 17 9999 -100 851 18 9999 -95 851 19 9999 -90 851 20 9999 -85 851 21 9999 -80 851 22 9999 -75 851 23 9999 -70 851 24 9999 -65 851 25 9999 -60 851 26 9999 -55 851 27 9999 -50 851 28 9999 -45 851 29 9999 -40 851 30 9999 -35 851 31 9999 -30 851 32 9999 -25 851 33 9999 -20 851 34 9999 -15 851 35 9999 -10 851 36 9999 -5 851 37 9999 0 851 38 9999 5 851 39 9999 10 851 40 9999 15 851 41 9999 20 851 42 9999 25 851 43 9999 30 851 44 9999 35 851 45 9999 40 851 46 9999 45 851 47 9999 50 851 48 9999 55 851 49 9999 60 851 50 9999 65 851 51 9999 70 851 52 9999 75 851 53 9999 80 851 54 9999 85 851 55 9999 90 851 56 9999 95 851 57 9999 100 851 58 9999 105 851 59 9999 110 851 60 9999 115 851 61 9999 120 851 62 9999 125 851 63 9999 130 85
35 72 9999 175 -851 1 9999 -180 851 2 9999 -175 851 3 9999 -170 851 4 9999 -165 851 5 9999 -160 851 6 9999 -155 851 7 9999 -150 851 8 9999 -145 851 9 9999 -140 851 10 9999 -135 851 11 9999 -130 851 12 9999 -125 851 13 9999 -120 851 14 9999 -115 851 15 9999 -110 851 16 9999 -105 851 17 9999 -100 851 18 9999 -95 851 19 9999 -90 851 20 9999 -85 851 21 9999 -80 851 22 9999 -75 851 23 9999 -70 851 24 9999 -65 851 25 9999 -60 851 26 9999 -55 851 27 9999 -50 851 28 9999 -45 851 29 9999 -40 851 30 9999 -35 851 31 9999 -30 851 32 9999 -25 851 33 9999 -20 851 34 9999 -15 851 35 9999 -10 851 36 9999 -5 851 37 9999 0 851 38 9999 5 851 39 9999 10 851 40 9999 15 851 41 9999 20 851 42 9999 25 851 43 9999 30 851 44 9999 35 851 45 9999 40 851 46 9999 45 851 47 9999 50 851 48 9999 55 851 49 9999 60 851 50 9999 65 851 51 9999 70 851 52 9999 75 851 53 9999 80 851 54 9999 85 851 55 9999 90 851 56 9999 95 851 57 9999 100 851 58 9999 105 851 59 9999 110 851 60 9999 115 851 61 9999 120 851 62 9999 125 851 63 9999 130 851 64 9999 135 85
35 72 9999 175 -851 1 9999 -180 851 2 9999 -175 851 3 9999 -170 851 4 9999 -165 851 5 9999 -160 851 6 9999 -155 851 7 9999 -150 851 8 9999 -145 851 9 9999 -140 851 10 9999 -135 851 11 9999 -130 851 12 9999 -125 851 13 9999 -120 851 14 9999 -115 851 15 9999 -110 851 16 9999 -105 851 17 9999 -100 851 18 9999 -95 851 19 9999 -90 851 20 9999 -85 851 21 9999 -80 851 22 9999 -75 851 23 9999 -70 851 24 9999 -65 851 25 9999 -60 851 26 9999 -55 851 27 9999 -50 851 28 9999 -45 851 29 9999 -40 851 30 9999 -35 851 31 9999 -30 851 32 9999 -25 851 33 9999 -20 851 34 9999 -15 851 35 9999 -10 851 36 9999 -5 851 37 9999 0 851 38 9999 5 851 39 9999 10 851 40 9999 15 851 41 9999 20 851 42 9999 25 851 43 9999 30 851 44 9999 35 851 45 9999 40 851 46 9999 45 851 47 9999 50 851 48 9999 55 851 49 9999 60 851 50 9999 65 851 51 9999 70 851 52 9999 75 851 53 9999 80 851 54 9999 85 851 55 9999 90 851 56 9999 95 851 57 9999 100 851 58 9999 105 851 59 9999 110 851 60 9999 115 851 61 9999 120 851 62 9999 125 851 63 9999 130 851 64 9999 135 851 65 9999 140 85
35 72 9999 175 -851 1 9999 -180 851 2 9999 -175 851 3 9999 -170 851 4 9999 -165 851 5 9999 -160 851 6 9999 -155 851 7 9999 -150 851 8 9999 -145 851 9 9999 -140 851 10 9999 -135 851 11 9999 -130 851 12 9999 -125 851 13 9999 -120 851 14 9999 -115 851 15 9999 -110 851 16 9999 -105 851 17 9999 -100 851 18 9999 -95 851 19 9999 -90 851 20 9999 -85 851 21 9999 -80 851 22 9999 -75 851 23 9999 -70 851 24 9999 -65 851 25 9999 -60 851 26 9999 -55 851 27 9999 -50 851 28 9999 -45 851 29 9999 -40 851 30 9999 -35 851 31 9999 -30 851 32 9999 -25 851 33 9999 -20 851 34 9999 -15 851 35 9999 -10 851 36 9999 -5 851 37 9999 0 851 38 9999 5 851 39 9999 10 851 40 9999 15 851 41 9999 20 851 42 9999 25 851 43 9999 30 851 44 9999 35 851 45 9999 40 851 46 9999 45 851 47 9999 50 851 48 9999 55 851 49 9999 60 851 50 9999 65 851 51 9999 70 851 52 9999 75 851 53 9999 80 851 54 9999 85 851 55 9999 90 851 56 9999 95 851 57 9999 100 851 58 9999 105 851 59 9999 110 851 60 9999 115 851 61 9999 120 851 62 9999 125 851 63 9999 130 851 64 9999 135 851 65 9999 140 851 66 9999 145 85
35 72 9999 175 -851 1 9999 -180 851 2 9999 -175 851 3 9999 -170 851 4 9999 -165 851 5 9999 -160 851 6 9999 -155 851 7 9999 -150 851 8 9999 -145 851 9 9999 -140 851 10 9999 -135 851 11 9999 -130 851 12 9999 -125 851 13 9999 -120 851 14 9999 -115 851 15 9999 -110 851 16 9999 -105 851 17 9999 -100 851 18 9999 -95 851 19 9999 -90 851 20 9999 -85 851 21 9999 -80 851 22 9999 -75 851 23 9999 -70 851 24 9999 -65 851 25 9999 -60 851 26 9999 -55 851 27 9999 -50 851 28 9999 -45 851 29 9999 -40 851 30 9999 -35 851 31 9999 -30 851 32 9999 -25 851 33 9999 -20 851 34 9999 -15 851 35 9999 -10 851 36 9999 -5 851 37 9999 0 851 38 9999 5 851 39 9999 10 851 40 9999 15 851 41 9999 20 851 42 9999 25 851 43 9999 30 851 44 9999 35 851 45 9999 40 851 46 9999 45 851 47 9999 50 851 48 9999 55 851 49 9999 60 851 50 9999 65 851 51 9999 70 851 52 9999 75 851 53 9999 80 851 54 9999 85 851 55 9999 90 851 56 9999 95 851 57 9999 100 851 58 9999 105 851 59 9999 110 851 60 9999 115 851 61 9999 120 851 62 9999 125 851 63 9999 130 851 64 9999 135 851 65 9999 140 851 66 9999 145 851 67 9999 150 85
35 72 9999 175 -851 1 9999 -180 851 2 9999 -175 851 3 9999 -170 851 4 9999 -165 851 5 9999 -160 851 6 9999 -155 851 7 9999 -150 851 8 9999 -145 851 9 9999 -140 851 10 9999 -135 851 11 9999 -130 851 12 9999 -125 851 13 9999 -120 851 14 9999 -115 851 15 9999 -110 851 16 9999 -105 851 17 9999 -100 851 18 9999 -95 851 19 9999 -90 851 20 9999 -85 851 21 9999 -80 851 22 9999 -75 851 23 9999 -70 851 24 9999 -65 851 25 9999 -60 851 26 9999 -55 851 27 9999 -50 851 28 9999 -45 851 29 9999 -40 851 30 9999 -35 851 31 9999 -30 851 32 9999 -25 851 33 9999 -20 851 34 9999 -15 851 35 9999 -10 851 36 9999 -5 851 37 9999 0 851 38 9999 5 851 39 9999 10 851 40 9999 15 851 41 9999 20 851 42 9999 25 851 43 9999 30 851 44 9999 35 851 45 9999 40 851 46 9999 45 851 47 9999 50 851 48 9999 55 851 49 9999 60 851 50 9999 65 851 51 9999 70 851 52 9999 75 851 53 9999 80 851 54 9999 85 851 55 9999 90 851 56 9999 95 851 57 9999 100 851 58 9999 105 851 59 9999 110 851 60 9999 115 851 61 9999 120 851 62 9999 125 851 63 9999 130 851 64 9999 135 851 65 9999 140 851 66 9999 145 851 67 9999 150 851 68 9999 155 85
35 72 9999 175 -851 1 9999 -180 851 2 9999 -175 851 3 9999 -170 851 4 9999 -165 851 5 9999 -160 851 6 9999 -155 851 7 9999 -150 851 8 9999 -145 851 9 9999 -140 851 10 9999 -135 851 11 9999 -130 851 12 9999 -125 851 13 9999 -120 851 14 9999 -115 851 15 9999 -110 851 16 9999 -105 851 17 9999 -100 851 18 9999 -95 851 19 9999 -90 851 20 9999 -85 851 21 9999 -80 851 22 9999 -75 851 23 9999 -70 851 24 9999 -65 851 25 9999 -60 851 26 9999 -55 851 27 9999 -50 851 28 9999 -45 851 29 9999 -40 851 30 9999 -35 851 31 9999 -30 851 32 9999 -25 851 33 9999 -20 851 34 9999 -15 851 35 9999 -10 851 36 9999 -5 851 37 9999 0 851 38 9999 5 851 39 9999 10 851 40 9999 15 851 41 9999 20 851 42 9999 25 851 43 9999 30 851 44 9999 35 851 45 9999 40 851 46 9999 45 851 47 9999 50 851 48 9999 55 851 49 9999 60 851 50 9999 65 851 51 9999 70 851 52 9999 75 851 53 9999 80 851 54 9999 85 851 55 9999 90 851 56 9999 95 851 57 9999 100 851 58 9999 105 851 59 9999 110 851 60 9999 115 851 61 9999 120 851 62 9999 125 851 63 9999 130 851 64 9999 135 851 65 9999 140 851 66 9999 145 851 67 9999 150 851 68 9999 155 851 69 9999 160 85
35 72 9999 175 -851 1 9999 -180 851 2 9999 -175 851 3 9999 -170 851 4 9999 -165 851 5 9999 -160 851 6 9999 -155 851 7 9999 -150 851 8 9999 -145 851 9 9999 -140 851 10 9999 -135 851 11 9999 -130 851 12 9999 -125 851 13 9999 -120 851 14 9999 -115 851 15 9999 -110 851 16 9999 -105 851 17 9999 -100 851 18 9999 -95 851 19 9999 -90 851 20 9999 -85 851 21 9999 -80 851 22 9999 -75 851 23 9999 -70 851 24 9999 -65 851 25 9999 -60 851 26 9999 -55 851 27 9999 -50 851 28 9999 -45 851 29 9999 -40 851 30 9999 -35 851 31 9999 -30 851 32 9999 -25 851 33 9999 -20 851 34 9999 -15 851 35 9999 -10 851 36 9999 -5 851 37 9999 0 851 38 9999 5 851 39 9999 10 851 40 9999 15 851 41 9999 20 851 42 9999 25 851 43 9999 30 851 44 9999 35 851 45 9999 40 851 46 9999 45 851 47 9999 50 851 48 9999 55 851 49 9999 60 851 50 9999 65 851 51 9999 70 851 52 9999 75 851 53 9999 80 851 54 9999 85 851 55 9999 90 851 56 9999 95 851 57 9999 100 851 58 9999 105 851 59 9999 110 851 60 9999 115 851 61 9999 120 851 62 9999 125 851 63 9999 130 851 64 9999 135 851 65 9999 140 851 66 9999 145 851 67 9999 150 851 68 9999 155 851 69 9999 160 851 70 9999 165 85
35 72 9999 175 -851 1 9999 -180 851 2 9999 -175 851 3 9999 -170 851 4 9999 -165 851 5 9999 -160 851 6 9999 -155 851 7 9999 -150 851 8 9999 -145 851 9 9999 -140 851 10 9999 -135 851 11 9999 -130 851 12 9999 -125 851 13 9999 -120 851 14 9999 -115 851 15 9999 -110 851 16 9999 -105 851 17 9999 -100 851 18 9999 -95 851 19 9999 -90 851 20 9999 -85 851 21 9999 -80 851 22 9999 -75 851 23 9999 -70 851 24 9999 -65 851 25 9999 -60 851 26 9999 -55 851 27 9999 -50 851 28 9999 -45 851 29 9999 -40 851 30 9999 -35 851 31 9999 -30 851 32 9999 -25 851 33 9999 -20 851 34 9999 -15 851 35 9999 -10 851 36 9999 -5 851 37 9999 0 851 38 9999 5 851 39 9999 10 851 40 9999 15 851 41 9999 20 851 42 9999 25 851 43 9999 30 851 44 9999 35 851 45 9999 40 851 46 9999 45 851 47 9999 50 851 48 9999 55 851 49 9999 60 851 50 9999 65 851 51 9999 70 851 52 9999 75 851 53 9999 80 851 54 9999 85 851 55 9999 90 851 56 9999 95 851 57 9999 100 851 58 9999 105 851 59 9999 110 851 60 9999 115 851 61 9999 120 851 62 9999 125 851 63 9999 130 851 64 9999 135 851 65 9999 140 851 66 9999 145 851 67 9999 150 851 68 9999 155 851 69 9999 160 851 70 9999 165 851 71 9999 170 85
35 72 9999 175 -851 1 9999 -180 851 2 9999 -175 851 3 9999 -170 851 4 9999 -165 851 5 9999 -160 851 6 9999 -155 851 7 9999 -150 851 8 9999 -145 851 9 9999 -140 851 10 9999 -135 851 11 9999 -130 851 12 9999 -125 851 13 9999 -120 851 14 9999 -115 851 15 9999 -110 851 16 9999 -105 851 17 9999 -100 851 18 9999 -95 851 19 9999 -90 851 20 9999 -85 851 21 9999 -80 851 22 9999 -75 851 23 9999 -70 851 24 9999 -65 851 25 9999 -60 851 26 9999 -55 851 27 9999 -50 851 28 9999 -45 851 29 9999 -40 851 30 9999 -35 851 31 9999 -30 851 32 9999 -25 851 33 9999 -20 851 34 9999 -15 851 35 9999 -10 851 36 9999 -5 851 37 9999 0 851 38 9999 5 851 39 9999 10 851 40 9999 15 851 41 9999 20 851 42 9999 25 851 43 9999 30 851 44 9999 35 851 45 9999 40 851 46 9999 45 851 47 9999 50 851 48 9999 55 851 49 9999 60 851 50 9999 65 851 51 9999 70 851 52 9999 75 851 53 9999 80 851 54 9999 85 851 55 9999 90 851 56 9999 95 851 57 9999 100 851 58 9999 105 851 59 9999 110 851 60 9999 115 851 61 9999 120 851 62 9999 125 851 63 9999 130 851 64 9999 135 851 65 9999 140 851 66 9999 145 851 67 9999 150 851 68 9999 155 851 69 9999 160 851 70 9999 165 851 71 9999 170 851 72 9999 175 85
