1 1 9999 -180 85 F -
2 1 9999 -175 85 F -
3 1 9999 -170 85 F -
4 1 9999 -165 85 F -
5 1 9999 -160 85 F -
6 1 9999 -155 85 F -
7 1 9999 -150 85 F -
8 1 9999 -145 85 F -
9 1 9999 -140 85 F -
10 1 9999 -135 85 F -
11 1 9999 -130 85 F -
12 1 9999 -125 85 F -
13 1 2771 -120 85 T 2015 02 01 18 29 42
14 1 9999 -115 85 F -
15 1 9999 -110 85 F -
16 1 9999 -105 85 F -
17 1 2771 -100 85 T 2015 02 01 18 29 42
18 1 9999 -95 85 F -
19 1 9999 -90 85 F -
20 1 9999 -85 85 F -
21 1 924 -80 85 T 2015 02 01 18 29 10
22 1 9999 -75 85 F -
23 1 9999 -70 85 F -
24 1 9999 -65 85 F -
25 1 924 -60 85 T 2015 02 01 18 29 10
26 1 9999 -55 85 F -
27 1 9999 -50 85 F -
28 1 9999 -45 85 F -
29 1 924 -40 85 T 2015 02 01 18 29 10
30 1 9999 -35 85 F -
31 1 9999 -30 85 F -
32 1 9999 -25 85 F -
33 1 2771 -20 85 T 2015 02 01 18 29 10
34 1 9999 -15 85 F -
35 1 9999 -10 85 F -
36 1 9999 -5 85 F -
37 1 2771 0 85 T 2015 02 01 18 29 10
38 1 9999 5 85 F -
39 1 9999 10 85 F -
40 1 9999 15 85 F -
41 1 9999 20 85 F -
42 1 9999 25 85 F -
43 1 9999 30 85 F -
44 1 9999 35 85 F -
45 1 9999 40 85 F -
46 1 9999 45 85 F -
47 1 9999 50 85 F -
48 1 9999 55 85 F -
49 1 9999 60 85 F -
50 1 9999 65 85 F -
51 1 9999 70 85 F -
52 1 9999 75 85 F -
53 1 9999 80 85 F -
54 1 9999 85 85 F -
55 1 9999 90 85 F -
56 1 9999 95 85 F -
57 1 9999 100 85 F -
58 1 9999 105 85 F -
59 1 9999 110 85 F -
60 1 9999 115 85 F -
61 1 9999 120 85 F -
62 1 9999 125 85 F -
63 1 9999 130 85 F -
64 1 9999 135 85 F -
65 1 9999 140 85 F -
66 1 9999 145 85 F -
67 1 9999 150 85 F -
68 1 9999 155 85 F -
69 1 9999 160 85 F -
70 1 9999 165 85 F -
71 1 9999 170 85 F -
72 1 9999 175 85 F -
73 1 9999 180 85 F -
1 2 9999 -180 80 F -
2 2 9999 -175 80 F -
3 2 9999 -170 80 F -
4 2 9999 -165 80 F -
5 2 9999 -160 80 F -
6 2 9999 -155 80 F -
7 2 9999 -150 80 F -
8 2 9999 -145 80 F -
9 2 9999 -140 80 F -
10 2 9999 -135 80 F -
11 2 9999 -130 80 F -
12 2 9999 -125 80 F -
13 2 9999 -120 80 F -
14 2 9999 -115 80 F -
15 2 9999 -110 80 F -
16 2 9999 -105 80 F -
17 2 9999 -100 80 F -
18 2 9999 -95 80 F -
19 2 9999 -90 80 F -
20 2 9999 -85 80 F -
21 2 9999 -80 80 F -
22 2 9999 -75 80 F -
23 2 9999 -70 80 F -
24 2 9999 -65 80 F -
25 2 9999 -60 80 F -
26 2 9999 -55 80 F -
27 2 9999 -50 80 F -
28 2 9999 -45 80 F -
29 2 9999 -40 80 F -
30 2 9999 -35 80 F -
31 2 9999 -30 80 F -
32 2 9999 -25 80 F -
33 2 9999 -20 80 F -
34 2 9999 -15 80 F -
35 2 9999 -10 80 F -
36 2 9999 -5 80 F -
37 2 9999 0 80 F -
38 2 9999 5 80 F -
39 2 9999 10 80 F -
40 2 9999 15 80 F -
41 2 9999 20 80 F -
42 2 9999 25 80 F -
43 2 9999 30 80 F -
44 2 9999 35 80 F -
45 2 9999 40 80 F -
46 2 9999 45 80 F -
47 2 9999 50 80 F -
48 2 9999 55 80 F -
49 2 9999 60 80 F -
50 2 9999 65 80 F -
51 2 9999 70 80 F -
52 2 9999 75 80 F -
53 2 9999 80 80 F -
54 2 9999 85 80 F -
55 2 9999 90 80 F -
56 2 9999 95 80 F -
57 2 9999 100 80 F -
58 2 9999 105 80 F -
59 2 9999 110 80 F -
60 2 9999 115 80 F -
61 2 9999 120 80 F -
62 2 9999 125 80 F -
63 2 9999 130 80 F -
64 2 9999 135 80 F -
65 2 9999 140 80 F -
66 2 9999 145 80 F -
67 2 9999 150 80 F -
68 2 9999 155 80 F -
69 2 9999 160 80 F -
70 2 9999 165 80 F -
71 2 9999 170 80 F -
72 2 9999 175 80 F -
73 2 9999 180 80 F -
1 3 9999 -180 75 F -
2 3 9999 -175 75 F -
3 3 9999 -170 75 F -
4 3 9999 -165 75 F -
5 3 9999 -160 75 F -
6 3 9999 -155 75 F -
7 3 9999 -150 75 F -
8 3 9999 -145 75 F -
9 3 9999 -140 75 F -
10 3 9999 -135 75 F -
11 3 9999 -130 75 F -
12 3 9999 -125 75 F -
13 3 9999 -120 75 F -
14 3 9999 -115 75 F -
15 3 9999 -110 75 F -
16 3 9999 -105 75 F -
17 3 9999 -100 75 F -
18 3 9999 -95 75 F -
19 3 9999 -90 75 F -
20 3 9999 -85 75 F -
21 3 9999 -80 75 T 2015 02 01 18 28 41
22 3 9999 -75 75 F -
23 3 9999 -70 75 T 2015 02 01 18 28 41
24 3 9999 -65 75 F -
25 3 2771 -60 75 T 2015 02 01 18 28 41
26 3 9999 -55 75 F -
27 3 2771 -50 75 T 2015 02 01 18 28 41
28 3 9999 -45 75 F -
29 3 924 -40 75 T 2015 02 01 18 29 42
30 3 9999 -35 75 F -
31 3 277 -30 75 T 2015 02 01 18 29 42
32 3 9999 -25 75 F -
33 3 185 -20 75 T 2015 02 01 18 29 42
34 3 9999 -15 75 F -
35 3 185 -10 75 T 2015 02 01 18 29 42
36 3 9999 -5 75 F -
37 3 166 0 75 T 2015 02 01 18 29 42
38 3 9999 5 75 F -
39 3 166 10 75 T 2015 02 01 18 29 42
40 3 9999 15 75 F -
41 3 185 20 75 T 2015 02 01 18 29 42
42 3 9999 25 75 F -
43 3 222 30 75 T 2015 02 01 18 29 42
44 3 9999 35 75 F -
45 3 2771 40 75 T 2015 02 01 18 29 42
46 3 9999 45 75 F -
47 3 2771 50 75 T 2015 02 01 18 29 42
48 3 9999 55 75 F -
49 3 2771 60 75 T 2015 02 01 18 29 42
50 3 9999 65 75 F -
51 3 2771 70 75 T 2015 02 01 18 29 42
52 3 9999 75 75 F -
53 3 9999 80 75 T 2015 02 01 18 29 42
54 3 9999 85 75 F -
55 3 9999 90 75 F -
56 3 9999 95 75 F -
57 3 9999 100 75 F -
58 3 9999 105 75 F -
59 3 9999 110 75 F -
60 3 9999 115 75 F -
61 3 9999 120 75 F -
62 3 9999 125 75 F -
63 3 9999 130 75 F -
64 3 9999 135 75 F -
65 3 9999 140 75 F -
66 3 9999 145 75 F -
67 3 9999 150 75 F -
68 3 9999 155 75 F -
69 3 9999 160 75 F -
70 3 9999 165 75 F -
71 3 9999 170 75 F -
72 3 9999 175 75 F -
73 3 9999 180 75 F -
1 4 9999 -180 70 F -
2 4 9999 -175 70 F -
3 4 9999 -170 70 F -
4 4 9999 -165 70 F -
5 4 9999 -160 70 F -
6 4 9999 -155 70 F -
7 4 9999 -150 70 F -
8 4 9999 -145 70 F -
9 4 9999 -140 70 F -
10 4 9999 -135 70 F -
11 4 9999 -130 70 F -
12 4 9999 -125 70 F -
13 4 9999 -120 70 F -
14 4 9999 -115 70 F -
15 4 9999 -110 70 F -
16 4 9999 -105 70 F -
17 4 9999 -100 70 F -
18 4 9999 -95 70 F -
19 4 9999 -90 70 F -
20 4 9999 -85 70 F -
21 4 9999 -80 70 F -
22 4 9999 -75 70 F -
23 4 9999 -70 70 T 2015 02 01 18 29 02
24 4 9999 -65 70 F -
25 4 2771 -60 70 T 2015 02 01 18 29 02
26 4 9999 -55 70 F -
27 4 2771 -50 70 T 2015 02 01 18 29 02
28 4 9999 -45 70 F -
29 4 924 -40 70 T 2015 02 01 18 29 02
30 4 9999 -35 70 F -
31 4 277 -30 70 T 2015 02 01 18 28 41
32 4 9999 -25 70 F -
33 4 222 -20 70 T 2015 02 01 18 28 41
34 4 9999 -15 70 F -
35 4 185 -10 70 T 2015 02 01 18 28 41
36 4 9999 -5 70 F -
37 4 166 0 70 T 2015 02 01 18 28 41
38 4 9999 5 70 F -
39 4 185 10 70 T 2015 02 01 18 28 41
40 4 9999 15 70 F -
41 4 166 20 70 T 2015 02 01 18 28 41
42 4 9999 25 70 F -
43 4 185 30 70 T 2015 02 01 18 28 41
44 4 9999 35 70 F -
45 4 277 40 70 T 2015 02 01 18 28 41
46 4 9999 45 70 F -
47 4 2771 50 70 T 2015 02 01 18 28 41
48 4 9999 55 70 F -
49 4 924 60 70 T 2015 02 01 18 28 41
50 4 9999 65 70 F -
51 4 2771 70 70 T 2015 02 01 18 28 41
52 4 9999 75 70 F -
53 4 9999 80 70 F -
54 4 9999 85 70 F -
55 4 9999 90 70 F -
56 4 9999 95 70 F -
57 4 9999 100 70 F -
58 4 9999 105 70 F -
59 4 9999 110 70 F -
60 4 9999 115 70 F -
61 4 9999 120 70 F -
62 4 9999 125 70 F -
63 4 9999 130 70 F -
64 4 9999 135 70 F -
65 4 9999 140 70 F -
66 4 9999 145 70 F -
67 4 9999 150 70 F -
68 4 9999 155 70 F -
69 4 9999 160 70 F -
70 4 9999 165 70 F -
71 4 9999 170 70 F -
72 4 9999 175 70 F -
73 4 9999 180 70 F -
1 5 9999 -180 65 F -
2 5 9999 -175 65 F -
3 5 9999 -170 65 F -
4 5 9999 -165 65 F -
5 5 9999 -160 65 F -
6 5 9999 -155 65 F -
7 5 9999 -150 65 F -
8 5 9999 -145 65 F -
9 5 9999 -140 65 F -
10 5 9999 -135 65 F -
11 5 9999 -130 65 F -
12 5 9999 -125 65 F -
13 5 9999 -120 65 F -
14 5 9999 -115 65 F -
15 5 9999 -110 65 F -
16 5 9999 -105 65 F -
17 5 9999 -100 65 F -
18 5 9999 -95 65 F -
19 5 9999 -90 65 F -
20 5 9999 -85 65 F -
21 5 9999 -80 65 F -
22 5 9999 -75 65 F -
23 5 9999 -70 65 T 2015 02 01 18 29 34
24 5 9999 -65 65 F -
25 5 9999 -60 65 T 2015 02 01 18 29 34
26 5 9999 -55 65 F -
27 5 2771 -50 65 T 2015 02 01 18 29 34
28 5 9999 -45 65 F -
29 5 924 -40 65 T 2015 02 01 18 29 34
30 5 9999 -35 65 F -
31 5 370 -30 65 T 2015 02 01 18 29 02
32 5 9999 -25 65 F -
33 5 277 -20 65 T 2015 02 01 18 29 02
34 5 9999 -15 65 F -
35 5 222 -10 65 T 2015 02 01 18 29 02
36 5 9999 -5 65 F -
37 5 166 0 65 T 2015 02 01 18 29 02
38 5 9999 5 65 F -
39 5 166 10 65 T 2015 02 01 18 29 02
40 5 9999 15 65 F -
41 5 166 20 65 T 2015 02 01 18 29 02
42 5 9999 25 65 F -
43 5 166 30 65 T 2015 02 01 18 29 02
44 5 9999 35 65 F -
45 5 277 40 65 T 2015 02 01 18 29 02
46 5 9999 45 65 F -
47 5 2771 50 65 T 2015 02 01 18 29 02
48 5 9999 55 65 F -
49 5 924 60 65 T 2015 02 01 18 29 02
50 5 9999 65 65 F -
51 5 9999 70 65 T 2015 02 01 18 29 02
52 5 9999 75 65 F -
53 5 9999 80 65 F -
54 5 9999 85 65 F -
55 5 9999 90 65 F -
56 5 9999 95 65 F -
57 5 9999 100 65 F -
58 5 9999 105 65 F -
59 5 9999 110 65 F -
60 5 9999 115 65 F -
61 5 9999 120 65 F -
62 5 9999 125 65 F -
63 5 9999 130 65 F -
64 5 9999 135 65 F -
65 5 9999 140 65 F -
66 5 9999 145 65 F -
67 5 9999 150 65 F -
68 5 9999 155 65 F -
69 5 9999 160 65 F -
70 5 9999 165 65 F -
71 5 9999 170 65 F -
72 5 9999 175 65 F -
73 5 9999 180 65 F -
1 6 9999 -180 60 F -
2 6 9999 -175 60 F -
3 6 9999 -170 60 F -
4 6 9999 -165 60 F -
5 6 9999 -160 60 F -
6 6 9999 -155 60 F -
7 6 9999 -150 60 F -
8 6 9999 -145 60 F -
9 6 9999 -140 60 F -
10 6 9999 -135 60 F -
11 6 9999 -130 60 F -
12 6 9999 -125 60 F -
13 6 9999 -120 60 F -
14 6 9999 -115 60 F -
15 6 9999 -110 60 F -
16 6 9999 -105 60 F -
17 6 9999 -100 60 F -
18 6 9999 -95 60 F -
19 6 9999 -90 60 F -
20 6 9999 -85 60 F -
21 6 9999 -80 60 F -
22 6 9999 -75 60 F -
23 6 9999 -70 60 F -
24 6 9999 -65 60 F -
25 6 2771 -60 60 T 2015 02 01 18 27 21
26 6 2771 -55 60 T 2015 02 01 18 27 21
27 6 2771 -50 60 T 2015 02 01 18 27 21
28 6 2771 -45 60 T 2015 02 01 18 27 21
29 6 2771 -40 60 T 2015 02 01 18 27 21
30 6 2771 -35 60 T 2015 02 01 18 27 21
31 6 924 -30 60 T 2015 02 01 18 27 21
32 6 370 -25 60 T 2015 02 01 18 27 21
33 6 277 -20 60 T 2015 02 01 18 27 21
34 6 222 -15 60 T 2015 02 01 18 27 21
35 6 222 -10 60 T 2015 02 01 18 27 21
36 6 166 -5 60 T 2015 02 01 18 27 21
37 6 166 0 60 T 2015 02 01 18 27 21
38 6 166 5 60 T 2015 02 01 18 27 21
39 6 166 10 60 T 2015 02 01 18 27 21
40 6 148 15 60 T 2015 02 01 18 29 34
41 6 148 20 60 T 2015 02 01 18 29 34
42 6 166 25 60 T 2015 02 01 18 29 34
43 6 185 30 60 T 2015 02 01 18 29 34
44 6 222 35 60 T 2015 02 01 18 29 34
45 6 924 40 60 T 2015 02 01 18 29 34
46 6 2771 45 60 T 2015 02 01 18 29 34
47 6 2771 50 60 T 2015 02 01 18 29 34
48 6 2771 55 60 T 2015 02 01 18 29 34
49 6 924 60 60 T 2015 02 01 18 29 34
50 6 9999 65 60 T 2015 02 01 18 29 34
51 6 9999 70 60 F -
52 6 9999 75 60 F -
53 6 9999 80 60 F -
54 6 9999 85 60 F -
55 6 9999 90 60 F -
56 6 9999 95 60 F -
57 6 9999 100 60 F -
58 6 9999 105 60 F -
59 6 9999 110 60 F -
60 6 9999 115 60 F -
61 6 9999 120 60 F -
62 6 9999 125 60 F -
63 6 9999 130 60 F -
64 6 9999 135 60 F -
65 6 9999 140 60 F -
66 6 9999 145 60 F -
67 6 9999 150 60 F -
68 6 9999 155 60 F -
69 6 9999 160 60 F -
70 6 9999 165 60 F -
71 6 9999 170 60 F -
72 6 9999 175 60 F -
73 6 9999 180 60 F -
1 7 9999 -180 55 F -
2 7 9999 -175 55 F -
3 7 9999 -170 55 F -
4 7 9999 -165 55 F -
5 7 9999 -160 55 F -
6 7 9999 -155 55 F -
7 7 9999 -150 55 F -
8 7 9999 -145 55 F -
9 7 9999 -140 55 F -
10 7 9999 -135 55 F -
11 7 9999 -130 55 F -
12 7 9999 -125 55 F -
13 7 9999 -120 55 F -
14 7 9999 -115 55 F -
15 7 9999 -110 55 F -
16 7 9999 -105 55 F -
17 7 9999 -100 55 F -
18 7 9999 -95 55 F -
19 7 9999 -90 55 F -
20 7 9999 -85 55 F -
21 7 9999 -80 55 F -
22 7 9999 -75 55 F -
23 7 9999 -70 55 F -
24 7 9999 -65 55 F -
25 7 9999 -60 55 F -
26 7 2771 -55 55 T 2015 02 01 18 27 41
27 7 2771 -50 55 T 2015 02 01 18 27 41
28 7 2771 -45 55 T 2015 02 01 18 27 41
29 7 2771 -40 55 T 2015 02 01 18 27 53
30 7 2771 -35 55 T 2015 02 01 18 27 53
31 7 2771 -30 55 T 2015 02 01 18 29 26
32 7 924 -25 55 T 2015 02 01 18 26 53
33 7 370 -20 55 T 2015 02 01 18 29 14
34 7 185 -15 55 T 2015 02 01 18 27 05
35 7 166 -10 55 T 2015 02 01 18 27 05
36 7 148 -5 55 T 2015 02 01 18 27 49
37 7 148 0 55 T 2015 02 01 18 28 45
38 7 148 5 55 T 2015 02 01 18 28 45
39 7 148 10 55 T 2015 02 01 18 28 53
40 7 148 15 55 T 2015 02 01 18 26 57
41 7 148 20 55 T 2015 02 01 18 27 33
42 7 166 25 55 T 2015 02 01 18 29 22
43 7 185 30 55 T 2015 02 01 18 29 22
44 7 370 35 55 T 2015 02 01 18 27 25
45 7 2771 40 55 T 2015 02 01 18 27 25
46 7 2771 45 55 T 2015 02 01 18 26 45
47 7 2771 50 55 T 2015 02 01 18 29 54
48 7 2771 55 55 T 2015 02 01 18 29 54
49 7 9999 60 55 T 2015 02 01 18 29 46
50 7 9999 65 55 T 2015 02 01 18 29 46
51 7 9999 70 55 F -
52 7 9999 75 55 F -
53 7 9999 80 55 F -
54 7 9999 85 55 F -
55 7 9999 90 55 F -
56 7 9999 95 55 F -
57 7 9999 100 55 F -
58 7 9999 105 55 F -
59 7 9999 110 55 F -
60 7 9999 115 55 F -
61 7 9999 120 55 F -
62 7 9999 125 55 F -
63 7 9999 130 55 F -
64 7 9999 135 55 F -
65 7 9999 140 55 F -
66 7 9999 145 55 F -
67 7 9999 150 55 F -
68 7 9999 155 55 F -
69 7 9999 160 55 F -
70 7 9999 165 55 F -
71 7 9999 170 55 F -
72 7 9999 175 55 F -
73 7 9999 180 55 F -
1 8 9999 -180 50 F -
2 8 9999 -175 50 F -
3 8 9999 -170 50 F -
4 8 9999 -165 50 F -
5 8 9999 -160 50 F -
6 8 9999 -155 50 F -
7 8 9999 -150 50 F -
8 8 9999 -145 50 F -
9 8 9999 -140 50 F -
10 8 9999 -135 50 F -
11 8 9999 -130 50 F -
12 8 9999 -125 50 F -
13 8 9999 -120 50 F -
14 8 9999 -115 50 F -
15 8 9999 -110 50 F -
16 8 9999 -105 50 F -
17 8 9999 -100 50 F -
18 8 9999 -95 50 F -
19 8 9999 -90 50 F -
20 8 9999 -85 50 F -
21 8 9999 -80 50 F -
22 8 9999 -75 50 F -
23 8 9999 -70 50 F -
24 8 9999 -65 50 F -
25 8 9999 -60 50 F -
26 8 9999 -55 50 F -
27 8 2771 -50 50 T 2015 02 01 18 27 41
28 8 2771 -45 50 T 2015 02 01 18 27 41
29 8 2771 -40 50 T 2015 02 01 18 27 53
30 8 2771 -35 50 T 2015 02 01 18 27 53
31 8 2771 -30 50 T 2015 02 01 18 29 26
32 8 2771 -25 50 T 2015 02 01 18 26 53
33 8 222 -20 50 T 2015 02 01 18 29 14
34 8 166 -15 50 T 2015 02 01 18 27 05
35 8 148 -10 50 T 2015 02 01 18 27 05
36 8 148 -5 50 T 2015 02 01 18 27 49
37 8 148 0 50 T 2015 02 01 18 28 45
38 8 148 5 50 T 2015 02 01 18 28 45
39 8 148 10 50 T 2015 02 01 18 28 53
40 8 148 15 50 T 2015 02 01 18 28 53
41 8 148 20 50 T 2015 02 01 18 27 33
42 8 148 25 50 T 2015 02 01 18 29 22
43 8 166 30 50 T 2015 02 01 18 29 22
44 8 924 35 50 T 2015 02 01 18 27 25
45 8 2771 40 50 T 2015 02 01 18 27 25
46 8 2771 45 50 T 2015 02 01 18 26 45
47 8 2771 50 50 T 2015 02 01 18 29 54
48 8 9999 55 50 T 2015 02 01 18 29 54
49 8 9999 60 50 T 2015 02 01 18 29 46
50 8 9999 65 50 T 2015 02 01 18 29 46
51 8 9999 70 50 F -
52 8 9999 75 50 F -
53 8 9999 80 50 F -
54 8 9999 85 50 F -
55 8 9999 90 50 F -
56 8 9999 95 50 F -
57 8 9999 100 50 F -
58 8 9999 105 50 F -
59 8 9999 110 50 F -
60 8 9999 115 50 F -
61 8 9999 120 50 F -
62 8 9999 125 50 F -
63 8 9999 130 50 F -
64 8 9999 135 50 F -
65 8 9999 140 50 F -
66 8 9999 145 50 F -
67 8 9999 150 50 F -
68 8 9999 155 50 F -
69 8 9999 160 50 F -
70 8 9999 165 50 F -
71 8 9999 170 50 F -
72 8 9999 175 50 F -
73 8 9999 180 50 F -
1 9 9999 -180 45 F -
2 9 9999 -175 45 F -
3 9 9999 -170 45 F -
4 9 9999 -165 45 F -
5 9 9999 -160 45 F -
6 9 9999 -155 45 F -
7 9 9999 -150 45 F -
8 9 9999 -145 45 F -
9 9 9999 -140 45 F -
10 9 9999 -135 45 F -
11 9 9999 -130 45 F -
12 9 9999 -125 45 F -
13 9 9999 -120 45 F -
14 9 9999 -115 45 F -
15 9 9999 -110 45 F -
16 9 9999 -105 45 F -
17 9 9999 -100 45 F -
18 9 9999 -95 45 F -
19 9 9999 -90 45 F -
20 9 9999 -85 45 F -
21 9 9999 -80 45 F -
22 9 9999 -75 45 F -
23 9 9999 -70 45 F -
24 9 9999 -65 45 F -
25 9 9999 -60 45 F -
26 9 9999 -55 45 F -
27 9 2771 -50 45 T 2015 02 01 18 27 41
28 9 2771 -45 45 T 2015 02 01 18 27 41
29 9 2771 -40 45 T 2015 02 01 18 27 53
30 9 2771 -35 45 T 2015 02 01 18 27 53
31 9 370 -30 45 T 2015 02 01 18 29 26
32 9 370 -25 45 T 2015 02 01 18 26 53
33 9 185 -20 45 T 2015 02 01 18 29 14
34 9 166 -15 45 T 2015 02 01 18 27 05
35 9 148 -10 45 T 2015 02 01 18 27 05
36 9 148 -5 45 T 2015 02 01 18 27 49
37 9 148 0 45 T 2015 02 01 18 28 45
38 9 148 5 45 T 2015 02 01 18 28 45
39 9 148 10 45 T 2015 02 01 18 28 53
40 9 148 15 45 T 2015 02 01 18 28 53
41 9 148 20 45 T 2015 02 01 18 27 33
42 9 148 25 45 T 2015 02 01 18 29 22
43 9 185 30 45 T 2015 02 01 18 29 22
44 9 924 35 45 T 2015 02 01 18 27 25
45 9 2771 40 45 T 2015 02 01 18 27 25
46 9 2771 45 45 T 2015 02 01 18 26 45
47 9 9999 50 45 T 2015 02 01 18 26 45
48 9 9999 55 45 T 2015 02 01 18 29 54
49 9 9999 60 45 T 2015 02 01 18 29 46
50 9 9999 65 45 T 2015 02 01 18 29 46
51 9 9999 70 45 F -
52 9 9999 75 45 F -
53 9 9999 80 45 F -
54 9 9999 85 45 F -
55 9 9999 90 45 F -
56 9 9999 95 45 F -
57 9 9999 100 45 F -
58 9 9999 105 45 F -
59 9 9999 110 45 F -
60 9 9999 115 45 F -
61 9 9999 120 45 F -
62 9 9999 125 45 F -
63 9 9999 130 45 F -
64 9 9999 135 45 F -
65 9 9999 140 45 F -
66 9 9999 145 45 F -
67 9 9999 150 45 F -
68 9 9999 155 45 F -
69 9 9999 160 45 F -
70 9 9999 165 45 F -
71 9 9999 170 45 F -
72 9 9999 175 45 F -
73 9 9999 180 45 F -
1 10 9999 -180 40 F -
2 10 9999 -175 40 F -
3 10 9999 -170 40 F -
4 10 9999 -165 40 F -
5 10 9999 -160 40 F -
6 10 9999 -155 40 F -
7 10 9999 -150 40 F -
8 10 9999 -145 40 F -
9 10 9999 -140 40 F -
10 10 9999 -135 40 F -
11 10 9999 -130 40 F -
12 10 9999 -125 40 F -
13 10 9999 -120 40 F -
14 10 9999 -115 40 F -
15 10 9999 -110 40 F -
16 10 9999 -105 40 F -
17 10 9999 -100 40 F -
18 10 9999 -95 40 F -
19 10 9999 -90 40 F -
20 10 9999 -85 40 F -
21 10 9999 -80 40 F -
22 10 9999 -75 40 F -
23 10 9999 -70 40 F -
24 10 9999 -65 40 F -
25 10 9999 -60 40 F -
26 10 9999 -55 40 F -
27 10 2771 -50 40 T 2015 02 01 18 27 41
28 10 2771 -45 40 T 2015 02 01 18 27 41
29 10 924 -40 40 T 2015 02 01 18 27 53
30 10 924 -35 40 T 2015 02 01 18 27 53
31 10 924 -30 40 T 2015 02 01 18 29 26
32 10 185 -25 40 T 2015 02 01 18 26 53
33 10 222 -20 40 T 2015 02 01 18 29 14
34 10 166 -15 40 T 2015 02 01 18 27 05
35 10 166 -10 40 T 2015 02 01 18 27 05
36 10 148 -5 40 T 2015 02 01 18 27 49
37 10 148 0 40 T 2015 02 01 18 28 45
38 10 148 5 40 T 2015 02 01 18 28 45
39 10 148 10 40 T 2015 02 01 18 28 53
40 10 148 15 40 T 2015 02 01 18 28 53
41 10 148 20 40 T 2015 02 01 18 27 33
42 10 166 25 40 T 2015 02 01 18 27 33
43 10 185 30 40 T 2015 02 01 18 29 22
44 10 370 35 40 T 2015 02 01 18 27 25
45 10 2771 40 40 T 2015 02 01 18 27 25
46 10 2771 45 40 T 2015 02 01 18 26 45
47 10 9999 50 40 T 2015 02 01 18 26 45
48 10 9999 55 40 T 2015 02 01 18 29 54
49 10 9999 60 40 T 2015 02 01 18 29 46
50 10 9999 65 40 T 2015 02 01 18 29 46
51 10 9999 70 40 F -
52 10 9999 75 40 F -
53 10 9999 80 40 F -
54 10 9999 85 40 F -
55 10 9999 90 40 F -
56 10 9999 95 40 F -
57 10 9999 100 40 F -
58 10 9999 105 40 F -
59 10 9999 110 40 F -
60 10 9999 115 40 F -
61 10 9999 120 40 F -
62 10 9999 125 40 F -
63 10 9999 130 40 F -
64 10 9999 135 40 F -
65 10 9999 140 40 F -
66 10 9999 145 40 F -
67 10 9999 150 40 F -
68 10 9999 155 40 F -
69 10 9999 160 40 F -
70 10 9999 165 40 F -
71 10 9999 170 40 F -
72 10 9999 175 40 F -
73 10 9999 180 40 F -
1 11 9999 -180 35 F -
2 11 9999 -175 35 F -
3 11 9999 -170 35 F -
4 11 9999 -165 35 F -
5 11 9999 -160 35 F -
6 11 9999 -155 35 F -
7 11 9999 -150 35 F -
8 11 9999 -145 35 F -
9 11 9999 -140 35 F -
10 11 9999 -135 35 F -
11 11 9999 -130 35 F -
12 11 9999 -125 35 F -
13 11 9999 -120 35 F -
14 11 9999 -115 35 F -
15 11 9999 -110 35 F -
16 11 9999 -105 35 F -
17 11 9999 -100 35 F -
18 11 9999 -95 35 F -
19 11 9999 -90 35 F -
20 11 9999 -85 35 F -
21 11 9999 -80 35 F -
22 11 9999 -75 35 F -
23 11 9999 -70 35 F -
24 11 9999 -65 35 F -
25 11 9999 -60 35 F -
26 11 9999 -55 35 F -
27 11 9999 -50 35 T 2015 02 01 18 27 41
28 11 9999 -45 35 T 2015 02 01 18 27 41
29 11 924 -40 35 T 2015 02 01 18 27 53
30 11 924 -35 35 T 2015 02 01 18 27 53
31 11 277 -30 35 T 2015 02 01 18 29 26
32 11 222 -25 35 T 2015 02 01 18 29 26
33 11 222 -20 35 T 2015 02 01 18 29 14
34 11 185 -15 35 T 2015 02 01 18 27 05
35 11 222 -10 35 T 2015 02 01 18 27 05
36 11 222 -5 35 T 2015 02 01 18 27 49
37 11 185 0 35 T 2015 02 01 18 27 49
38 11 148 5 35 T 2015 02 01 18 28 45
39 11 166 10 35 T 2015 02 01 18 28 53
40 11 148 15 35 T 2015 02 01 18 28 53
41 11 148 20 35 T 2015 02 01 18 27 33
42 11 185 25 35 T 2015 02 01 18 27 33
43 11 370 30 35 T 2015 02 01 18 29 22
44 11 924 35 35 T 2015 02 01 18 27 25
45 11 2771 40 35 T 2015 02 01 18 27 25
46 11 2771 45 35 T 2015 02 01 18 26 45
47 11 9999 50 35 T 2015 02 01 18 26 45
48 11 9999 55 35 T 2015 02 01 18 29 54
49 11 9999 60 35 T 2015 02 01 18 29 46
50 11 9999 65 35 T 2015 02 01 18 29 46
51 11 9999 70 35 F -
52 11 9999 75 35 F -
53 11 9999 80 35 F -
54 11 9999 85 35 F -
55 11 9999 90 35 F -
56 11 9999 95 35 F -
57 11 9999 100 35 F -
58 11 9999 105 35 F -
59 11 9999 110 35 F -
60 11 9999 115 35 F -
61 11 9999 120 35 F -
62 11 9999 125 35 F -
63 11 9999 130 35 F -
64 11 9999 135 35 F -
65 11 9999 140 35 F -
66 11 9999 145 35 F -
67 11 9999 150 35 F -
68 11 9999 155 35 F -
69 11 9999 160 35 F -
70 11 9999 165 35 F -
71 11 9999 170 35 F -
72 11 9999 175 35 F -
73 11 9999 180 35 F -
1 12 9999 -180 30 F -
2 12 9999 -175 30 F -
3 12 9999 -170 30 F -
4 12 9999 -165 30 F -
5 12 9999 -160 30 F -
6 12 9999 -155 30 F -
7 12 9999 -150 30 F -
8 12 9999 -145 30 F -
9 12 9999 -140 30 F -
10 12 9999 -135 30 F -
11 12 9999 -130 30 F -
12 12 9999 -125 30 F -
13 12 9999 -120 30 F -
14 12 9999 -115 30 F -
15 12 9999 -110 30 F -
16 12 9999 -105 30 F -
17 12 9999 -100 30 F -
18 12 9999 -95 30 F -
19 12 9999 -90 30 F -
20 12 9999 -85 30 F -
21 12 9999 -80 30 F -
22 12 9999 -75 30 F -
23 12 9999 -70 30 F -
24 12 9999 -65 30 F -
25 12 9999 -60 30 F -
26 12 9999 -55 30 F -
27 12 9999 -50 30 F -
28 12 9999 -45 30 T 2015 02 01 18 27 41
29 12 9999 -40 30 T 2015 02 01 18 27 53
30 12 2771 -35 30 T 2015 02 01 18 27 53
31 12 924 -30 30 T 2015 02 01 18 29 26
32 12 185 -25 30 T 2015 02 01 18 29 26
33 12 222 -20 30 T 2015 02 01 18 29 14
34 12 222 -15 30 T 2015 02 01 18 29 14
35 12 222 -10 30 T 2015 02 01 18 27 05
36 12 277 -5 30 T 2015 02 01 18 27 49
37 12 924 0 30 T 2015 02 01 18 27 49
38 12 924 5 30 T 2015 02 01 18 28 45
39 12 370 10 30 T 2015 02 01 18 28 53
40 12 370 15 30 T 2015 02 01 18 28 53
41 12 924 20 30 T 2015 02 01 18 27 33
42 12 2771 25 30 T 2015 02 01 18 27 33
43 12 2771 30 30 T 2015 02 01 18 29 22
44 12 2771 35 30 T 2015 02 01 18 27 25
45 12 2771 40 30 T 2015 02 01 18 27 25
46 12 2771 45 30 T 2015 02 01 18 26 45
47 12 9999 50 30 T 2015 02 01 18 26 45
48 12 9999 55 30 T 2015 02 01 18 29 54
49 12 9999 60 30 T 2015 02 01 18 29 46
50 12 9999 65 30 F -
51 12 9999 70 30 F -
52 12 9999 75 30 F -
53 12 9999 80 30 F -
54 12 9999 85 30 F -
55 12 9999 90 30 F -
56 12 9999 95 30 F -
57 12 9999 100 30 F -
58 12 9999 105 30 F -
59 12 9999 110 30 F -
60 12 9999 115 30 F -
61 12 9999 120 30 F -
62 12 9999 125 30 F -
63 12 9999 130 30 F -
64 12 9999 135 30 F -
65 12 9999 140 30 F -
66 12 9999 145 30 F -
67 12 9999 150 30 F -
68 12 9999 155 30 F -
69 12 9999 160 30 F -
70 12 9999 165 30 F -
71 12 9999 170 30 F -
72 12 9999 175 30 F -
73 12 9999 180 30 F -
1 13 9999 -180 25 F -
2 13 9999 -175 25 F -
3 13 9999 -170 25 F -
4 13 9999 -165 25 F -
5 13 9999 -160 25 F -
6 13 9999 -155 25 F -
7 13 9999 -150 25 F -
8 13 9999 -145 25 F -
9 13 9999 -140 25 F -
10 13 9999 -135 25 F -
11 13 9999 -130 25 F -
12 13 9999 -125 25 F -
13 13 9999 -120 25 F -
14 13 9999 -115 25 F -
15 13 9999 -110 25 F -
16 13 9999 -105 25 F -
17 13 9999 -100 25 F -
18 13 9999 -95 25 F -
19 13 9999 -90 25 F -
20 13 9999 -85 25 F -
21 13 9999 -80 25 F -
22 13 9999 -75 25 F -
23 13 9999 -70 25 F -
24 13 9999 -65 25 F -
25 13 9999 -60 25 F -
26 13 9999 -55 25 F -
27 13 9999 -50 25 F -
28 13 9999 -45 25 T 2015 02 01 18 27 41
29 13 9999 -40 25 T 2015 02 01 18 27 41
30 13 2771 -35 25 T 2015 02 01 18 27 53
31 13 2771 -30 25 T 2015 02 01 18 29 26
32 13 924 -25 25 T 2015 02 01 18 29 26
33 13 277 -20 25 T 2015 02 01 18 29 14
34 13 277 -15 25 T 2015 02 01 18 29 14
35 13 370 -10 25 T 2015 02 01 18 27 05
36 13 2771 -5 25 T 2015 02 01 18 27 49
37 13 2771 0 25 T 2015 02 01 18 27 49
38 13 2771 5 25 T 2015 02 01 18 28 45
39 13 2771 10 25 T 2015 02 01 18 28 53
40 13 2771 15 25 T 2015 02 01 18 28 53
41 13 2771 20 25 T 2015 02 01 18 27 33
42 13 2771 25 25 T 2015 02 01 18 27 33
43 13 2771 30 25 T 2015 02 01 18 29 22
44 13 2771 35 25 T 2015 02 01 18 29 22
45 13 2771 40 25 T 2015 02 01 18 27 25
46 13 2771 45 25 T 2015 02 01 18 26 45
47 13 9999 50 25 T 2015 02 01 18 26 45
48 13 9999 55 25 T 2015 02 01 18 29 54
49 13 9999 60 25 T 2015 02 01 18 29 46
50 13 9999 65 25 F -
51 13 9999 70 25 F -
52 13 9999 75 25 F -
53 13 9999 80 25 F -
54 13 9999 85 25 F -
55 13 9999 90 25 F -
56 13 9999 95 25 F -
57 13 9999 100 25 F -
58 13 9999 105 25 F -
59 13 9999 110 25 F -
60 13 9999 115 25 F -
61 13 9999 120 25 F -
62 13 9999 125 25 F -
63 13 9999 130 25 F -
64 13 9999 135 25 F -
65 13 9999 140 25 F -
66 13 9999 145 25 F -
67 13 9999 150 25 F -
68 13 9999 155 25 F -
69 13 9999 160 25 F -
70 13 9999 165 25 F -
71 13 9999 170 25 F -
72 13 9999 175 25 F -
73 13 9999 180 25 F -
1 14 9999 -180 20 F -
2 14 9999 -175 20 F -
3 14 9999 -170 20 F -
4 14 9999 -165 20 F -
5 14 9999 -160 20 F -
6 14 9999 -155 20 F -
7 14 9999 -150 20 F -
8 14 9999 -145 20 F -
9 14 9999 -140 20 F -
10 14 9999 -135 20 F -
11 14 9999 -130 20 F -
12 14 9999 -125 20 F -
13 14 9999 -120 20 F -
14 14 9999 -115 20 F -
15 14 9999 -110 20 F -
16 14 9999 -105 20 F -
17 14 9999 -100 20 F -
18 14 9999 -95 20 F -
19 14 9999 -90 20 F -
20 14 9999 -85 20 F -
21 14 9999 -80 20 F -
22 14 9999 -75 20 F -
23 14 9999 -70 20 F -
24 14 9999 -65 20 F -
25 14 9999 -60 20 F -
26 14 9999 -55 20 F -
27 14 9999 -50 20 F -
28 14 9999 -45 20 F -
29 14 9999 -40 20 T 2015 02 01 18 27 41
30 14 9999 -35 20 T 2015 02 01 18 27 53
31 14 2771 -30 20 T 2015 02 01 18 29 26
32 14 2771 -25 20 T 2015 02 01 18 29 26
33 14 924 -20 20 T 2015 02 01 18 29 14
34 14 370 -15 20 T 2015 02 01 18 29 14
35 14 2771 -10 20 T 2015 02 01 18 27 05
36 14 2771 -5 20 T 2015 02 01 18 27 49
37 14 2771 0 20 T 2015 02 01 18 27 49
38 14 2771 5 20 T 2015 02 01 18 28 45
39 14 2771 10 20 T 2015 02 01 18 28 45
40 14 2771 15 20 T 2015 02 01 18 28 53
41 14 2771 20 20 T 2015 02 01 18 27 33
42 14 2771 25 20 T 2015 02 01 18 27 33
43 14 2771 30 20 T 2015 02 01 18 29 22
44 14 2771 35 20 T 2015 02 01 18 29 22
45 14 2771 40 20 T 2015 02 01 18 27 25
46 14 9999 45 20 T 2015 02 01 18 26 45
47 14 9999 50 20 T 2015 02 01 18 26 45
48 14 9999 55 20 T 2015 02 01 18 29 54
49 14 9999 60 20 F -
50 14 9999 65 20 F -
51 14 9999 70 20 F -
52 14 9999 75 20 F -
53 14 9999 80 20 F -
54 14 9999 85 20 F -
55 14 9999 90 20 F -
56 14 9999 95 20 F -
57 14 9999 100 20 F -
58 14 9999 105 20 F -
59 14 9999 110 20 F -
60 14 9999 115 20 F -
61 14 9999 120 20 F -
62 14 9999 125 20 F -
63 14 9999 130 20 F -
64 14 9999 135 20 F -
65 14 9999 140 20 F -
66 14 9999 145 20 F -
67 14 9999 150 20 F -
68 14 9999 155 20 F -
69 14 9999 160 20 F -
70 14 9999 165 20 F -
71 14 9999 170 20 F -
72 14 9999 175 20 F -
73 14 9999 180 20 F -
1 15 9999 -180 15 F -
2 15 9999 -175 15 F -
3 15 9999 -170 15 F -
4 15 9999 -165 15 F -
5 15 9999 -160 15 F -
6 15 9999 -155 15 F -
7 15 9999 -150 15 F -
8 15 9999 -145 15 F -
9 15 9999 -140 15 F -
10 15 9999 -135 15 F -
11 15 9999 -130 15 F -
12 15 9999 -125 15 F -
13 15 9999 -120 15 F -
14 15 9999 -115 15 F -
15 15 9999 -110 15 F -
16 15 9999 -105 15 F -
17 15 9999 -100 15 F -
18 15 9999 -95 15 F -
19 15 9999 -90 15 F -
20 15 9999 -85 15 F -
21 15 9999 -80 15 F -
22 15 9999 -75 15 F -
23 15 9999 -70 15 F -
24 15 9999 -65 15 F -
25 15 9999 -60 15 F -
26 15 9999 -55 15 F -
27 15 9999 -50 15 F -
28 15 9999 -45 15 F -
29 15 9999 -40 15 F -
30 15 9999 -35 15 T 2015 02 01 18 27 53
31 15 9999 -30 15 T 2015 02 01 18 29 26
32 15 2771 -25 15 T 2015 02 01 18 29 26
33 15 2771 -20 15 T 2015 02 01 18 29 14
34 15 2771 -15 15 T 2015 02 01 18 29 14
35 15 2771 -10 15 T 2015 02 01 18 27 05
36 15 2771 -5 15 T 2015 02 01 18 27 49
37 15 9999 0 15 T 2015 02 01 18 27 49
38 15 9999 5 15 T 2015 02 01 18 28 45
39 15 9999 10 15 T 2015 02 01 18 28 45
40 15 2771 15 15 T 2015 02 01 18 28 53
41 15 2771 20 15 T 2015 02 01 18 27 33
42 15 9999 25 15 T 2015 02 01 18 27 33
43 15 9999 30 15 T 2015 02 01 18 29 22
44 15 9999 35 15 T 2015 02 01 18 29 22
45 15 9999 40 15 T 2015 02 01 18 27 25
46 15 9999 45 15 T 2015 02 01 18 26 45
47 15 9999 50 15 F -
48 15 9999 55 15 F -
49 15 9999 60 15 F -
50 15 9999 65 15 F -
51 15 9999 70 15 F -
52 15 9999 75 15 F -
53 15 9999 80 15 F -
54 15 9999 85 15 F -
55 15 9999 90 15 F -
56 15 9999 95 15 F -
57 15 9999 100 15 F -
58 15 9999 105 15 F -
59 15 9999 110 15 F -
60 15 9999 115 15 F -
61 15 9999 120 15 F -
62 15 9999 125 15 F -
63 15 9999 130 15 F -
64 15 9999 135 15 F -
65 15 9999 140 15 F -
66 15 9999 145 15 F -
67 15 9999 150 15 F -
68 15 9999 155 15 F -
69 15 9999 160 15 F -
70 15 9999 165 15 F -
71 15 9999 170 15 F -
72 15 9999 175 15 F -
73 15 9999 180 15 F -
1 16 9999 -180 10 F -
2 16 9999 -175 10 F -
3 16 9999 -170 10 F -
4 16 9999 -165 10 F -
5 16 9999 -160 10 F -
6 16 9999 -155 10 F -
7 16 9999 -150 10 F -
8 16 9999 -145 10 F -
9 16 9999 -140 10 F -
10 16 9999 -135 10 F -
11 16 9999 -130 10 F -
12 16 9999 -125 10 F -
13 16 9999 -120 10 F -
14 16 9999 -115 10 F -
15 16 9999 -110 10 F -
16 16 9999 -105 10 F -
17 16 9999 -100 10 F -
18 16 9999 -95 10 F -
19 16 9999 -90 10 F -
20 16 9999 -85 10 F -
21 16 9999 -80 10 F -
22 16 9999 -75 10 F -
23 16 9999 -70 10 F -
24 16 9999 -65 10 F -
25 16 9999 -60 10 F -
26 16 9999 -55 10 F -
27 16 9999 -50 10 F -
28 16 9999 -45 10 F -
29 16 9999 -40 10 F -
30 16 9999 -35 10 F -
31 16 9999 -30 10 F -
32 16 9999 -25 10 T 2015 02 01 18 29 26
33 16 2771 -20 10 T 2015 02 01 18 29 14
34 16 2771 -15 10 T 2015 02 01 18 29 14
35 16 2771 -10 10 T 2015 02 01 18 27 05
36 16 9999 -5 10 T 2015 02 01 18 27 49
37 16 9999 0 10 F -
38 16 9999 5 10 F -
39 16 9999 10 10 F -
40 16 9999 15 10 F -
41 16 9999 20 10 F -
42 16 9999 25 10 F -
43 16 9999 30 10 F -
44 16 9999 35 10 F -
45 16 9999 40 10 F -
46 16 9999 45 10 F -
47 16 9999 50 10 F -
48 16 9999 55 10 F -
49 16 9999 60 10 F -
50 16 9999 65 10 F -
51 16 9999 70 10 F -
52 16 9999 75 10 F -
53 16 9999 80 10 F -
54 16 9999 85 10 F -
55 16 9999 90 10 F -
56 16 9999 95 10 F -
57 16 9999 100 10 F -
58 16 9999 105 10 F -
59 16 9999 110 10 F -
60 16 9999 115 10 F -
61 16 9999 120 10 F -
62 16 9999 125 10 F -
63 16 9999 130 10 F -
64 16 9999 135 10 F -
65 16 9999 140 10 F -
66 16 9999 145 10 F -
67 16 9999 150 10 F -
68 16 9999 155 10 F -
69 16 9999 160 10 F -
70 16 9999 165 10 F -
71 16 9999 170 10 F -
72 16 9999 175 10 F -
73 16 9999 180 10 F -
1 17 9999 -180 5 F -
2 17 9999 -175 5 F -
3 17 9999 -170 5 F -
4 17 9999 -165 5 F -
5 17 9999 -160 5 F -
6 17 9999 -155 5 F -
7 17 9999 -150 5 F -
8 17 9999 -145 5 F -
9 17 9999 -140 5 F -
10 17 9999 -135 5 F -
11 17 9999 -130 5 F -
12 17 9999 -125 5 F -
13 17 9999 -120 5 F -
14 17 9999 -115 5 F -
15 17 9999 -110 5 F -
16 17 9999 -105 5 F -
17 17 9999 -100 5 F -
18 17 9999 -95 5 F -
19 17 9999 -90 5 F -
20 17 9999 -85 5 F -
21 17 9999 -80 5 F -
22 17 9999 -75 5 F -
23 17 9999 -70 5 F -
24 17 9999 -65 5 F -
25 17 9999 -60 5 F -
26 17 9999 -55 5 F -
27 17 9999 -50 5 F -
28 17 9999 -45 5 F -
29 17 9999 -40 5 F -
30 17 9999 -35 5 F -
31 17 9999 -30 5 F -
32 17 9999 -25 5 F -
33 17 9999 -20 5 F -
34 17 9999 -15 5 F -
35 17 9999 -10 5 F -
36 17 9999 -5 5 F -
37 17 9999 0 5 F -
38 17 9999 5 5 F -
39 17 9999 10 5 F -
40 17 9999 15 5 F -
41 17 9999 20 5 F -
42 17 9999 25 5 F -
43 17 9999 30 5 F -
44 17 9999 35 5 F -
45 17 9999 40 5 F -
46 17 9999 45 5 F -
47 17 9999 50 5 F -
48 17 9999 55 5 F -
49 17 9999 60 5 F -
50 17 9999 65 5 F -
51 17 9999 70 5 F -
52 17 9999 75 5 F -
53 17 9999 80 5 F -
54 17 9999 85 5 F -
55 17 9999 90 5 F -
56 17 9999 95 5 F -
57 17 9999 100 5 F -
58 17 9999 105 5 F -
59 17 9999 110 5 F -
60 17 9999 115 5 F -
61 17 9999 120 5 F -
62 17 9999 125 5 F -
63 17 9999 130 5 F -
64 17 9999 135 5 F -
65 17 9999 140 5 F -
66 17 9999 145 5 F -
67 17 9999 150 5 F -
68 17 9999 155 5 F -
69 17 9999 160 5 F -
70 17 9999 165 5 F -
71 17 9999 170 5 F -
72 17 9999 175 5 F -
73 17 9999 180 5 F -
1 18 9999 -180 0 F -
2 18 9999 -175 0 F -
3 18 9999 -170 0 F -
4 18 9999 -165 0 F -
5 18 9999 -160 0 F -
6 18 9999 -155 0 F -
7 18 9999 -150 0 F -
8 18 9999 -145 0 F -
9 18 9999 -140 0 F -
10 18 9999 -135 0 F -
11 18 9999 -130 0 F -
12 18 9999 -125 0 F -
13 18 9999 -120 0 F -
14 18 9999 -115 0 F -
15 18 9999 -110 0 F -
16 18 9999 -105 0 F -
17 18 9999 -100 0 F -
18 18 9999 -95 0 F -
19 18 9999 -90 0 F -
20 18 9999 -85 0 F -
21 18 9999 -80 0 F -
22 18 9999 -75 0 F -
23 18 9999 -70 0 F -
24 18 9999 -65 0 F -
25 18 9999 -60 0 F -
26 18 9999 -55 0 F -
27 18 9999 -50 0 F -
28 18 9999 -45 0 F -
29 18 9999 -40 0 F -
30 18 9999 -35 0 F -
31 18 9999 -30 0 F -
32 18 9999 -25 0 F -
33 18 9999 -20 0 F -
34 18 9999 -15 0 F -
35 18 9999 -10 0 F -
36 18 9999 -5 0 F -
37 18 9999 0 0 F -
38 18 9999 5 0 F -
39 18 9999 10 0 F -
40 18 9999 15 0 F -
41 18 9999 20 0 F -
42 18 9999 25 0 F -
43 18 9999 30 0 F -
44 18 9999 35 0 F -
45 18 9999 40 0 F -
46 18 9999 45 0 F -
47 18 9999 50 0 F -
48 18 9999 55 0 F -
49 18 9999 60 0 F -
50 18 9999 65 0 F -
51 18 9999 70 0 F -
52 18 9999 75 0 F -
53 18 9999 80 0 F -
54 18 9999 85 0 F -
55 18 9999 90 0 F -
56 18 9999 95 0 F -
57 18 9999 100 0 F -
58 18 9999 105 0 F -
59 18 9999 110 0 F -
60 18 9999 115 0 F -
61 18 9999 120 0 F -
62 18 9999 125 0 F -
63 18 9999 130 0 F -
64 18 9999 135 0 F -
65 18 9999 140 0 F -
66 18 9999 145 0 F -
67 18 9999 150 0 F -
68 18 9999 155 0 F -
69 18 9999 160 0 F -
70 18 9999 165 0 F -
71 18 9999 170 0 F -
72 18 9999 175 0 F -
73 18 9999 180 0 F -
1 19 9999 -180 -5 F -
2 19 9999 -175 -5 F -
3 19 9999 -170 -5 F -
4 19 9999 -165 -5 F -
5 19 9999 -160 -5 F -
6 19 9999 -155 -5 F -
7 19 9999 -150 -5 F -
8 19 9999 -145 -5 F -
9 19 9999 -140 -5 F -
10 19 9999 -135 -5 F -
11 19 9999 -130 -5 F -
12 19 9999 -125 -5 F -
13 19 9999 -120 -5 F -
14 19 9999 -115 -5 F -
15 19 9999 -110 -5 F -
16 19 9999 -105 -5 F -
17 19 9999 -100 -5 F -
18 19 9999 -95 -5 F -
19 19 9999 -90 -5 F -
20 19 9999 -85 -5 F -
21 19 9999 -80 -5 F -
22 19 9999 -75 -5 F -
23 19 9999 -70 -5 F -
24 19 9999 -65 -5 F -
25 19 9999 -60 -5 F -
26 19 9999 -55 -5 F -
27 19 9999 -50 -5 F -
28 19 9999 -45 -5 F -
29 19 9999 -40 -5 F -
30 19 9999 -35 -5 F -
31 19 9999 -30 -5 F -
32 19 9999 -25 -5 F -
33 19 9999 -20 -5 F -
34 19 9999 -15 -5 F -
35 19 9999 -10 -5 F -
36 19 9999 -5 -5 F -
37 19 9999 0 -5 F -
38 19 9999 5 -5 F -
39 19 9999 10 -5 F -
40 19 9999 15 -5 F -
41 19 9999 20 -5 F -
42 19 9999 25 -5 F -
43 19 9999 30 -5 F -
44 19 9999 35 -5 F -
45 19 9999 40 -5 F -
46 19 9999 45 -5 F -
47 19 9999 50 -5 F -
48 19 9999 55 -5 F -
49 19 9999 60 -5 F -
50 19 9999 65 -5 F -
51 19 9999 70 -5 F -
52 19 9999 75 -5 F -
53 19 9999 80 -5 F -
54 19 9999 85 -5 F -
55 19 9999 90 -5 F -
56 19 9999 95 -5 F -
57 19 9999 100 -5 F -
58 19 9999 105 -5 F -
59 19 9999 110 -5 F -
60 19 9999 115 -5 F -
61 19 9999 120 -5 F -
62 19 9999 125 -5 F -
63 19 9999 130 -5 F -
64 19 9999 135 -5 F -
65 19 9999 140 -5 F -
66 19 9999 145 -5 F -
67 19 9999 150 -5 F -
68 19 9999 155 -5 F -
69 19 9999 160 -5 F -
70 19 9999 165 -5 F -
71 19 9999 170 -5 F -
72 19 9999 175 -5 F -
73 19 9999 180 -5 F -
1 20 9999 -180 -10 F -
2 20 9999 -175 -10 F -
3 20 9999 -170 -10 F -
4 20 9999 -165 -10 F -
5 20 9999 -160 -10 F -
6 20 9999 -155 -10 F -
7 20 9999 -150 -10 F -
8 20 9999 -145 -10 F -
9 20 9999 -140 -10 F -
10 20 9999 -135 -10 F -
11 20 9999 -130 -10 F -
12 20 9999 -125 -10 F -
13 20 9999 -120 -10 F -
14 20 9999 -115 -10 F -
15 20 9999 -110 -10 F -
16 20 9999 -105 -10 F -
17 20 9999 -100 -10 F -
18 20 9999 -95 -10 F -
19 20 9999 -90 -10 F -
20 20 9999 -85 -10 F -
21 20 9999 -80 -10 F -
22 20 9999 -75 -10 F -
23 20 9999 -70 -10 F -
24 20 9999 -65 -10 F -
25 20 9999 -60 -10 F -
26 20 9999 -55 -10 F -
27 20 9999 -50 -10 F -
28 20 9999 -45 -10 F -
29 20 9999 -40 -10 F -
30 20 9999 -35 -10 F -
31 20 9999 -30 -10 F -
32 20 9999 -25 -10 F -
33 20 9999 -20 -10 F -
34 20 9999 -15 -10 F -
35 20 9999 -10 -10 F -
36 20 9999 -5 -10 F -
37 20 9999 0 -10 F -
38 20 9999 5 -10 F -
39 20 9999 10 -10 F -
40 20 9999 15 -10 F -
41 20 9999 20 -10 F -
42 20 9999 25 -10 F -
43 20 9999 30 -10 F -
44 20 9999 35 -10 F -
45 20 9999 40 -10 F -
46 20 9999 45 -10 F -
47 20 9999 50 -10 F -
48 20 9999 55 -10 F -
49 20 9999 60 -10 F -
50 20 9999 65 -10 F -
51 20 9999 70 -10 F -
52 20 9999 75 -10 F -
53 20 9999 80 -10 F -
54 20 9999 85 -10 F -
55 20 9999 90 -10 F -
56 20 9999 95 -10 F -
57 20 9999 100 -10 F -
58 20 9999 105 -10 F -
59 20 9999 110 -10 F -
60 20 9999 115 -10 F -
61 20 9999 120 -10 F -
62 20 9999 125 -10 F -
63 20 9999 130 -10 F -
64 20 9999 135 -10 F -
65 20 9999 140 -10 F -
66 20 9999 145 -10 F -
67 20 9999 150 -10 F -
68 20 9999 155 -10 F -
69 20 9999 160 -10 F -
70 20 9999 165 -10 F -
71 20 9999 170 -10 F -
72 20 9999 175 -10 F -
73 20 9999 180 -10 F -
1 21 9999 -180 -15 F -
2 21 9999 -175 -15 F -
3 21 9999 -170 -15 F -
4 21 9999 -165 -15 F -
5 21 9999 -160 -15 F -
6 21 9999 -155 -15 F -
7 21 9999 -150 -15 F -
8 21 9999 -145 -15 F -
9 21 9999 -140 -15 F -
10 21 9999 -135 -15 F -
11 21 9999 -130 -15 F -
12 21 9999 -125 -15 F -
13 21 9999 -120 -15 F -
14 21 9999 -115 -15 F -
15 21 9999 -110 -15 F -
16 21 9999 -105 -15 F -
17 21 9999 -100 -15 F -
18 21 9999 -95 -15 F -
19 21 9999 -90 -15 F -
20 21 9999 -85 -15 F -
21 21 9999 -80 -15 F -
22 21 9999 -75 -15 F -
23 21 9999 -70 -15 F -
24 21 9999 -65 -15 F -
25 21 9999 -60 -15 F -
26 21 9999 -55 -15 F -
27 21 9999 -50 -15 F -
28 21 9999 -45 -15 F -
29 21 9999 -40 -15 F -
30 21 9999 -35 -15 F -
31 21 9999 -30 -15 F -
32 21 9999 -25 -15 F -
33 21 9999 -20 -15 F -
34 21 9999 -15 -15 F -
35 21 9999 -10 -15 F -
36 21 9999 -5 -15 F -
37 21 9999 0 -15 F -
38 21 9999 5 -15 F -
39 21 9999 10 -15 F -
40 21 9999 15 -15 F -
41 21 9999 20 -15 F -
42 21 9999 25 -15 F -
43 21 9999 30 -15 F -
44 21 9999 35 -15 F -
45 21 9999 40 -15 F -
46 21 9999 45 -15 F -
47 21 9999 50 -15 F -
48 21 9999 55 -15 F -
49 21 9999 60 -15 F -
50 21 9999 65 -15 F -
51 21 9999 70 -15 F -
52 21 9999 75 -15 F -
53 21 9999 80 -15 F -
54 21 9999 85 -15 F -
55 21 9999 90 -15 F -
56 21 9999 95 -15 F -
57 21 9999 100 -15 F -
58 21 9999 105 -15 F -
59 21 9999 110 -15 F -
60 21 9999 115 -15 F -
61 21 9999 120 -15 F -
62 21 9999 125 -15 F -
63 21 9999 130 -15 F -
64 21 9999 135 -15 F -
65 21 9999 140 -15 F -
66 21 9999 145 -15 F -
67 21 9999 150 -15 F -
68 21 9999 155 -15 F -
69 21 9999 160 -15 F -
70 21 9999 165 -15 F -
71 21 9999 170 -15 F -
72 21 9999 175 -15 F -
73 21 9999 180 -15 F -
1 22 9999 -180 -20 F -
2 22 9999 -175 -20 F -
3 22 9999 -170 -20 F -
4 22 9999 -165 -20 F -
5 22 9999 -160 -20 F -
6 22 9999 -155 -20 F -
7 22 9999 -150 -20 F -
8 22 9999 -145 -20 F -
9 22 9999 -140 -20 F -
10 22 9999 -135 -20 F -
11 22 9999 -130 -20 F -
12 22 9999 -125 -20 F -
13 22 9999 -120 -20 F -
14 22 9999 -115 -20 F -
15 22 9999 -110 -20 F -
16 22 9999 -105 -20 F -
17 22 9999 -100 -20 F -
18 22 9999 -95 -20 F -
19 22 9999 -90 -20 F -
20 22 9999 -85 -20 F -
21 22 9999 -80 -20 F -
22 22 9999 -75 -20 F -
23 22 9999 -70 -20 F -
24 22 9999 -65 -20 F -
25 22 9999 -60 -20 F -
26 22 9999 -55 -20 F -
27 22 9999 -50 -20 F -
28 22 9999 -45 -20 F -
29 22 9999 -40 -20 F -
30 22 9999 -35 -20 F -
31 22 9999 -30 -20 F -
32 22 9999 -25 -20 F -
33 22 9999 -20 -20 F -
34 22 9999 -15 -20 F -
35 22 9999 -10 -20 F -
36 22 9999 -5 -20 F -
37 22 9999 0 -20 F -
38 22 9999 5 -20 F -
39 22 9999 10 -20 F -
40 22 9999 15 -20 F -
41 22 9999 20 -20 F -
42 22 9999 25 -20 F -
43 22 9999 30 -20 F -
44 22 9999 35 -20 F -
45 22 9999 40 -20 F -
46 22 9999 45 -20 F -
47 22 9999 50 -20 F -
48 22 9999 55 -20 F -
49 22 9999 60 -20 F -
50 22 9999 65 -20 F -
51 22 9999 70 -20 F -
52 22 9999 75 -20 F -
53 22 9999 80 -20 F -
54 22 9999 85 -20 F -
55 22 9999 90 -20 F -
56 22 9999 95 -20 F -
57 22 9999 100 -20 F -
58 22 9999 105 -20 F -
59 22 9999 110 -20 F -
60 22 9999 115 -20 F -
61 22 9999 120 -20 F -
62 22 9999 125 -20 F -
63 22 9999 130 -20 F -
64 22 9999 135 -20 F -
65 22 9999 140 -20 F -
66 22 9999 145 -20 F -
67 22 9999 150 -20 F -
68 22 9999 155 -20 F -
69 22 9999 160 -20 F -
70 22 9999 165 -20 F -
71 22 9999 170 -20 F -
72 22 9999 175 -20 F -
73 22 9999 180 -20 F -
1 23 9999 -180 -25 F -
2 23 9999 -175 -25 F -
3 23 9999 -170 -25 F -
4 23 9999 -165 -25 F -
5 23 9999 -160 -25 F -
6 23 9999 -155 -25 F -
7 23 9999 -150 -25 F -
8 23 9999 -145 -25 F -
9 23 9999 -140 -25 F -
10 23 9999 -135 -25 F -
11 23 9999 -130 -25 F -
12 23 9999 -125 -25 F -
13 23 9999 -120 -25 F -
14 23 9999 -115 -25 F -
15 23 9999 -110 -25 F -
16 23 9999 -105 -25 F -
17 23 9999 -100 -25 F -
18 23 9999 -95 -25 F -
19 23 9999 -90 -25 F -
20 23 9999 -85 -25 F -
21 23 9999 -80 -25 F -
22 23 9999 -75 -25 F -
23 23 9999 -70 -25 F -
24 23 9999 -65 -25 F -
25 23 9999 -60 -25 F -
26 23 9999 -55 -25 F -
27 23 9999 -50 -25 F -
28 23 9999 -45 -25 F -
29 23 9999 -40 -25 F -
30 23 9999 -35 -25 F -
31 23 9999 -30 -25 F -
32 23 9999 -25 -25 F -
33 23 9999 -20 -25 F -
34 23 9999 -15 -25 F -
35 23 9999 -10 -25 F -
36 23 9999 -5 -25 F -
37 23 9999 0 -25 F -
38 23 9999 5 -25 F -
39 23 9999 10 -25 F -
40 23 9999 15 -25 F -
41 23 9999 20 -25 F -
42 23 9999 25 -25 F -
43 23 9999 30 -25 F -
44 23 9999 35 -25 F -
45 23 9999 40 -25 F -
46 23 9999 45 -25 F -
47 23 9999 50 -25 F -
48 23 9999 55 -25 F -
49 23 9999 60 -25 F -
50 23 9999 65 -25 F -
51 23 9999 70 -25 F -
52 23 9999 75 -25 F -
53 23 9999 80 -25 F -
54 23 9999 85 -25 F -
55 23 9999 90 -25 F -
56 23 9999 95 -25 F -
57 23 9999 100 -25 F -
58 23 9999 105 -25 F -
59 23 9999 110 -25 F -
60 23 9999 115 -25 F -
61 23 9999 120 -25 F -
62 23 9999 125 -25 F -
63 23 9999 130 -25 F -
64 23 9999 135 -25 F -
65 23 9999 140 -25 F -
66 23 9999 145 -25 F -
67 23 9999 150 -25 F -
68 23 9999 155 -25 F -
69 23 9999 160 -25 F -
70 23 9999 165 -25 F -
71 23 9999 170 -25 F -
72 23 9999 175 -25 F -
73 23 9999 180 -25 F -
1 24 9999 -180 -30 F -
2 24 9999 -175 -30 F -
3 24 9999 -170 -30 F -
4 24 9999 -165 -30 F -
5 24 9999 -160 -30 F -
6 24 9999 -155 -30 F -
7 24 9999 -150 -30 F -
8 24 9999 -145 -30 F -
9 24 9999 -140 -30 F -
10 24 9999 -135 -30 F -
11 24 9999 -130 -30 F -
12 24 9999 -125 -30 F -
13 24 9999 -120 -30 F -
14 24 9999 -115 -30 F -
15 24 9999 -110 -30 F -
16 24 9999 -105 -30 F -
17 24 9999 -100 -30 F -
18 24 9999 -95 -30 F -
19 24 9999 -90 -30 F -
20 24 9999 -85 -30 F -
21 24 9999 -80 -30 F -
22 24 9999 -75 -30 F -
23 24 9999 -70 -30 F -
24 24 9999 -65 -30 F -
25 24 9999 -60 -30 F -
26 24 9999 -55 -30 F -
27 24 9999 -50 -30 F -
28 24 9999 -45 -30 F -
29 24 9999 -40 -30 F -
30 24 9999 -35 -30 F -
31 24 9999 -30 -30 F -
32 24 9999 -25 -30 F -
33 24 9999 -20 -30 F -
34 24 9999 -15 -30 F -
35 24 9999 -10 -30 F -
36 24 9999 -5 -30 F -
37 24 9999 0 -30 F -
38 24 9999 5 -30 F -
39 24 9999 10 -30 F -
40 24 9999 15 -30 F -
41 24 9999 20 -30 F -
42 24 9999 25 -30 F -
43 24 9999 30 -30 F -
44 24 9999 35 -30 F -
45 24 9999 40 -30 F -
46 24 9999 45 -30 F -
47 24 9999 50 -30 F -
48 24 9999 55 -30 F -
49 24 9999 60 -30 F -
50 24 9999 65 -30 F -
51 24 9999 70 -30 F -
52 24 9999 75 -30 F -
53 24 9999 80 -30 F -
54 24 9999 85 -30 F -
55 24 9999 90 -30 F -
56 24 9999 95 -30 F -
57 24 9999 100 -30 F -
58 24 9999 105 -30 F -
59 24 9999 110 -30 F -
60 24 9999 115 -30 F -
61 24 9999 120 -30 F -
62 24 9999 125 -30 F -
63 24 9999 130 -30 F -
64 24 9999 135 -30 F -
65 24 9999 140 -30 F -
66 24 9999 145 -30 F -
67 24 9999 150 -30 F -
68 24 9999 155 -30 F -
69 24 9999 160 -30 F -
70 24 9999 165 -30 F -
71 24 9999 170 -30 F -
72 24 9999 175 -30 F -
73 24 9999 180 -30 F -
1 25 9999 -180 -35 F -
2 25 9999 -175 -35 F -
3 25 9999 -170 -35 F -
4 25 9999 -165 -35 F -
5 25 9999 -160 -35 F -
6 25 9999 -155 -35 F -
7 25 9999 -150 -35 F -
8 25 9999 -145 -35 F -
9 25 9999 -140 -35 F -
10 25 9999 -135 -35 F -
11 25 9999 -130 -35 F -
12 25 9999 -125 -35 F -
13 25 9999 -120 -35 F -
14 25 9999 -115 -35 F -
15 25 9999 -110 -35 F -
16 25 9999 -105 -35 F -
17 25 9999 -100 -35 F -
18 25 9999 -95 -35 F -
19 25 9999 -90 -35 F -
20 25 9999 -85 -35 F -
21 25 9999 -80 -35 F -
22 25 9999 -75 -35 F -
23 25 9999 -70 -35 F -
24 25 9999 -65 -35 F -
25 25 9999 -60 -35 F -
26 25 9999 -55 -35 F -
27 25 9999 -50 -35 F -
28 25 9999 -45 -35 F -
29 25 9999 -40 -35 F -
30 25 9999 -35 -35 F -
31 25 9999 -30 -35 F -
32 25 9999 -25 -35 F -
33 25 9999 -20 -35 F -
34 25 9999 -15 -35 F -
35 25 9999 -10 -35 F -
36 25 9999 -5 -35 F -
37 25 9999 0 -35 F -
38 25 9999 5 -35 F -
39 25 9999 10 -35 F -
40 25 9999 15 -35 F -
41 25 9999 20 -35 F -
42 25 9999 25 -35 F -
43 25 9999 30 -35 F -
44 25 9999 35 -35 F -
45 25 9999 40 -35 F -
46 25 9999 45 -35 F -
47 25 9999 50 -35 F -
48 25 9999 55 -35 F -
49 25 9999 60 -35 F -
50 25 9999 65 -35 F -
51 25 9999 70 -35 F -
52 25 9999 75 -35 F -
53 25 9999 80 -35 F -
54 25 9999 85 -35 F -
55 25 9999 90 -35 F -
56 25 9999 95 -35 F -
57 25 9999 100 -35 F -
58 25 9999 105 -35 F -
59 25 9999 110 -35 F -
60 25 9999 115 -35 F -
61 25 9999 120 -35 F -
62 25 9999 125 -35 F -
63 25 9999 130 -35 F -
64 25 9999 135 -35 F -
65 25 9999 140 -35 F -
66 25 9999 145 -35 F -
67 25 9999 150 -35 F -
68 25 9999 155 -35 F -
69 25 9999 160 -35 F -
70 25 9999 165 -35 F -
71 25 9999 170 -35 F -
72 25 9999 175 -35 F -
73 25 9999 180 -35 F -
1 26 9999 -180 -40 F -
2 26 9999 -175 -40 F -
3 26 9999 -170 -40 F -
4 26 9999 -165 -40 F -
5 26 9999 -160 -40 F -
6 26 9999 -155 -40 F -
7 26 9999 -150 -40 F -
8 26 9999 -145 -40 F -
9 26 9999 -140 -40 F -
10 26 9999 -135 -40 F -
11 26 9999 -130 -40 F -
12 26 9999 -125 -40 F -
13 26 9999 -120 -40 F -
14 26 9999 -115 -40 F -
15 26 9999 -110 -40 F -
16 26 9999 -105 -40 F -
17 26 9999 -100 -40 F -
18 26 9999 -95 -40 F -
19 26 9999 -90 -40 F -
20 26 9999 -85 -40 F -
21 26 9999 -80 -40 F -
22 26 9999 -75 -40 F -
23 26 9999 -70 -40 F -
24 26 9999 -65 -40 F -
25 26 9999 -60 -40 F -
26 26 9999 -55 -40 F -
27 26 9999 -50 -40 F -
28 26 9999 -45 -40 F -
29 26 9999 -40 -40 F -
30 26 9999 -35 -40 F -
31 26 9999 -30 -40 F -
32 26 9999 -25 -40 F -
33 26 9999 -20 -40 F -
34 26 9999 -15 -40 F -
35 26 9999 -10 -40 F -
36 26 9999 -5 -40 F -
37 26 9999 0 -40 F -
38 26 9999 5 -40 F -
39 26 9999 10 -40 F -
40 26 9999 15 -40 F -
41 26 9999 20 -40 F -
42 26 9999 25 -40 F -
43 26 9999 30 -40 F -
44 26 9999 35 -40 F -
45 26 9999 40 -40 F -
46 26 9999 45 -40 F -
47 26 9999 50 -40 F -
48 26 9999 55 -40 F -
49 26 9999 60 -40 F -
50 26 9999 65 -40 F -
51 26 9999 70 -40 F -
52 26 9999 75 -40 F -
53 26 9999 80 -40 F -
54 26 9999 85 -40 F -
55 26 9999 90 -40 F -
56 26 9999 95 -40 F -
57 26 9999 100 -40 F -
58 26 9999 105 -40 F -
59 26 9999 110 -40 F -
60 26 9999 115 -40 F -
61 26 9999 120 -40 F -
62 26 9999 125 -40 F -
63 26 9999 130 -40 F -
64 26 9999 135 -40 F -
65 26 9999 140 -40 F -
66 26 9999 145 -40 F -
67 26 9999 150 -40 F -
68 26 9999 155 -40 F -
69 26 9999 160 -40 F -
70 26 9999 165 -40 F -
71 26 9999 170 -40 F -
72 26 9999 175 -40 F -
73 26 9999 180 -40 F -
1 27 9999 -180 -45 F -
2 27 9999 -175 -45 F -
3 27 9999 -170 -45 F -
4 27 9999 -165 -45 F -
5 27 9999 -160 -45 F -
6 27 9999 -155 -45 F -
7 27 9999 -150 -45 F -
8 27 9999 -145 -45 F -
9 27 9999 -140 -45 F -
10 27 9999 -135 -45 F -
11 27 9999 -130 -45 F -
12 27 9999 -125 -45 F -
13 27 9999 -120 -45 F -
14 27 9999 -115 -45 F -
15 27 9999 -110 -45 F -
16 27 9999 -105 -45 F -
17 27 9999 -100 -45 F -
18 27 9999 -95 -45 F -
19 27 9999 -90 -45 F -
20 27 9999 -85 -45 F -
21 27 9999 -80 -45 F -
22 27 9999 -75 -45 F -
23 27 9999 -70 -45 F -
24 27 9999 -65 -45 F -
25 27 9999 -60 -45 F -
26 27 9999 -55 -45 F -
27 27 9999 -50 -45 F -
28 27 9999 -45 -45 F -
29 27 9999 -40 -45 F -
30 27 9999 -35 -45 F -
31 27 9999 -30 -45 F -
32 27 9999 -25 -45 F -
33 27 9999 -20 -45 F -
34 27 9999 -15 -45 F -
35 27 9999 -10 -45 F -
36 27 9999 -5 -45 F -
37 27 9999 0 -45 F -
38 27 9999 5 -45 F -
39 27 9999 10 -45 F -
40 27 9999 15 -45 F -
41 27 9999 20 -45 F -
42 27 9999 25 -45 F -
43 27 9999 30 -45 F -
44 27 9999 35 -45 F -
45 27 9999 40 -45 F -
46 27 9999 45 -45 F -
47 27 9999 50 -45 F -
48 27 9999 55 -45 F -
49 27 9999 60 -45 F -
50 27 9999 65 -45 F -
51 27 9999 70 -45 F -
52 27 9999 75 -45 F -
53 27 9999 80 -45 F -
54 27 9999 85 -45 F -
55 27 9999 90 -45 F -
56 27 9999 95 -45 F -
57 27 9999 100 -45 F -
58 27 9999 105 -45 F -
59 27 9999 110 -45 F -
60 27 9999 115 -45 F -
61 27 9999 120 -45 F -
62 27 9999 125 -45 F -
63 27 9999 130 -45 F -
64 27 9999 135 -45 F -
65 27 9999 140 -45 F -
66 27 9999 145 -45 F -
67 27 9999 150 -45 F -
68 27 9999 155 -45 F -
69 27 9999 160 -45 F -
70 27 9999 165 -45 F -
71 27 9999 170 -45 F -
72 27 9999 175 -45 F -
73 27 9999 180 -45 F -
1 28 9999 -180 -50 F -
2 28 9999 -175 -50 F -
3 28 9999 -170 -50 F -
4 28 9999 -165 -50 F -
5 28 9999 -160 -50 F -
6 28 9999 -155 -50 F -
7 28 9999 -150 -50 F -
8 28 9999 -145 -50 F -
9 28 9999 -140 -50 F -
10 28 9999 -135 -50 F -
11 28 9999 -130 -50 F -
12 28 9999 -125 -50 F -
13 28 9999 -120 -50 F -
14 28 9999 -115 -50 F -
15 28 9999 -110 -50 F -
16 28 9999 -105 -50 F -
17 28 9999 -100 -50 F -
18 28 9999 -95 -50 F -
19 28 9999 -90 -50 F -
20 28 9999 -85 -50 F -
21 28 9999 -80 -50 F -
22 28 9999 -75 -50 F -
23 28 9999 -70 -50 F -
24 28 9999 -65 -50 F -
25 28 9999 -60 -50 F -
26 28 9999 -55 -50 F -
27 28 9999 -50 -50 F -
28 28 9999 -45 -50 F -
29 28 9999 -40 -50 F -
30 28 9999 -35 -50 F -
31 28 9999 -30 -50 F -
32 28 9999 -25 -50 F -
33 28 9999 -20 -50 F -
34 28 9999 -15 -50 F -
35 28 9999 -10 -50 F -
36 28 9999 -5 -50 F -
37 28 9999 0 -50 F -
38 28 9999 5 -50 F -
39 28 9999 10 -50 F -
40 28 9999 15 -50 F -
41 28 9999 20 -50 F -
42 28 9999 25 -50 F -
43 28 9999 30 -50 F -
44 28 9999 35 -50 F -
45 28 9999 40 -50 F -
46 28 9999 45 -50 F -
47 28 9999 50 -50 F -
48 28 9999 55 -50 F -
49 28 9999 60 -50 F -
50 28 9999 65 -50 F -
51 28 9999 70 -50 F -
52 28 9999 75 -50 F -
53 28 9999 80 -50 F -
54 28 9999 85 -50 F -
55 28 9999 90 -50 F -
56 28 9999 95 -50 F -
57 28 9999 100 -50 F -
58 28 9999 105 -50 F -
59 28 9999 110 -50 F -
60 28 9999 115 -50 F -
61 28 9999 120 -50 F -
62 28 9999 125 -50 F -
63 28 9999 130 -50 F -
64 28 9999 135 -50 F -
65 28 9999 140 -50 F -
66 28 9999 145 -50 F -
67 28 9999 150 -50 F -
68 28 9999 155 -50 F -
69 28 9999 160 -50 F -
70 28 9999 165 -50 F -
71 28 9999 170 -50 F -
72 28 9999 175 -50 F -
73 28 9999 180 -50 F -
1 29 9999 -180 -55 F -
2 29 9999 -175 -55 F -
3 29 9999 -170 -55 F -
4 29 9999 -165 -55 F -
5 29 9999 -160 -55 F -
6 29 9999 -155 -55 F -
7 29 9999 -150 -55 F -
8 29 9999 -145 -55 F -
9 29 9999 -140 -55 F -
10 29 9999 -135 -55 F -
11 29 9999 -130 -55 F -
12 29 9999 -125 -55 F -
13 29 9999 -120 -55 F -
14 29 9999 -115 -55 F -
15 29 9999 -110 -55 F -
16 29 9999 -105 -55 F -
17 29 9999 -100 -55 F -
18 29 9999 -95 -55 F -
19 29 9999 -90 -55 F -
20 29 9999 -85 -55 F -
21 29 9999 -80 -55 F -
22 29 9999 -75 -55 F -
23 29 9999 -70 -55 F -
24 29 9999 -65 -55 F -
25 29 9999 -60 -55 F -
26 29 9999 -55 -55 F -
27 29 9999 -50 -55 F -
28 29 9999 -45 -55 F -
29 29 9999 -40 -55 F -
30 29 9999 -35 -55 F -
31 29 9999 -30 -55 F -
32 29 9999 -25 -55 F -
33 29 9999 -20 -55 F -
34 29 9999 -15 -55 F -
35 29 9999 -10 -55 F -
36 29 9999 -5 -55 F -
37 29 9999 0 -55 F -
38 29 9999 5 -55 F -
39 29 9999 10 -55 F -
40 29 9999 15 -55 F -
41 29 9999 20 -55 F -
42 29 9999 25 -55 F -
43 29 9999 30 -55 F -
44 29 9999 35 -55 F -
45 29 9999 40 -55 F -
46 29 9999 45 -55 F -
47 29 9999 50 -55 F -
48 29 9999 55 -55 F -
49 29 9999 60 -55 F -
50 29 9999 65 -55 F -
51 29 9999 70 -55 F -
52 29 9999 75 -55 F -
53 29 9999 80 -55 F -
54 29 9999 85 -55 F -
55 29 9999 90 -55 F -
56 29 9999 95 -55 F -
57 29 9999 100 -55 F -
58 29 9999 105 -55 F -
59 29 9999 110 -55 F -
60 29 9999 115 -55 F -
61 29 9999 120 -55 F -
62 29 9999 125 -55 F -
63 29 9999 130 -55 F -
64 29 9999 135 -55 F -
65 29 9999 140 -55 F -
66 29 9999 145 -55 F -
67 29 9999 150 -55 F -
68 29 9999 155 -55 F -
69 29 9999 160 -55 F -
70 29 9999 165 -55 F -
71 29 9999 170 -55 F -
72 29 9999 175 -55 F -
73 29 9999 180 -55 F -
1 30 9999 -180 -60 F -
2 30 9999 -175 -60 F -
3 30 9999 -170 -60 F -
4 30 9999 -165 -60 F -
5 30 9999 -160 -60 F -
6 30 9999 -155 -60 F -
7 30 9999 -150 -60 F -
8 30 9999 -145 -60 F -
9 30 9999 -140 -60 F -
10 30 9999 -135 -60 F -
11 30 9999 -130 -60 F -
12 30 9999 -125 -60 F -
13 30 9999 -120 -60 F -
14 30 9999 -115 -60 F -
15 30 9999 -110 -60 F -
16 30 9999 -105 -60 F -
17 30 9999 -100 -60 F -
18 30 9999 -95 -60 F -
19 30 9999 -90 -60 F -
20 30 9999 -85 -60 F -
21 30 9999 -80 -60 F -
22 30 9999 -75 -60 F -
23 30 9999 -70 -60 F -
24 30 9999 -65 -60 F -
25 30 9999 -60 -60 F -
26 30 9999 -55 -60 F -
27 30 9999 -50 -60 F -
28 30 9999 -45 -60 F -
29 30 9999 -40 -60 F -
30 30 9999 -35 -60 F -
31 30 9999 -30 -60 F -
32 30 9999 -25 -60 F -
33 30 9999 -20 -60 F -
34 30 9999 -15 -60 F -
35 30 9999 -10 -60 F -
36 30 9999 -5 -60 F -
37 30 9999 0 -60 F -
38 30 9999 5 -60 F -
39 30 9999 10 -60 F -
40 30 9999 15 -60 F -
41 30 9999 20 -60 F -
42 30 9999 25 -60 F -
43 30 9999 30 -60 F -
44 30 9999 35 -60 F -
45 30 9999 40 -60 F -
46 30 9999 45 -60 F -
47 30 9999 50 -60 F -
48 30 9999 55 -60 F -
49 30 9999 60 -60 F -
50 30 9999 65 -60 F -
51 30 9999 70 -60 F -
52 30 9999 75 -60 F -
53 30 9999 80 -60 F -
54 30 9999 85 -60 F -
55 30 9999 90 -60 F -
56 30 9999 95 -60 F -
57 30 9999 100 -60 F -
58 30 9999 105 -60 F -
59 30 9999 110 -60 F -
60 30 9999 115 -60 F -
61 30 9999 120 -60 F -
62 30 9999 125 -60 F -
63 30 9999 130 -60 F -
64 30 9999 135 -60 F -
65 30 9999 140 -60 F -
66 30 9999 145 -60 F -
67 30 9999 150 -60 F -
68 30 9999 155 -60 F -
69 30 9999 160 -60 F -
70 30 9999 165 -60 F -
71 30 9999 170 -60 F -
72 30 9999 175 -60 F -
73 30 9999 180 -60 F -
1 31 9999 -180 -65 F -
2 31 9999 -175 -65 F -
3 31 9999 -170 -65 F -
4 31 9999 -165 -65 F -
5 31 9999 -160 -65 F -
6 31 9999 -155 -65 F -
7 31 9999 -150 -65 F -
8 31 9999 -145 -65 F -
9 31 9999 -140 -65 F -
10 31 9999 -135 -65 F -
11 31 9999 -130 -65 F -
12 31 9999 -125 -65 F -
13 31 9999 -120 -65 F -
14 31 9999 -115 -65 F -
15 31 9999 -110 -65 F -
16 31 9999 -105 -65 F -
17 31 9999 -100 -65 F -
18 31 9999 -95 -65 F -
19 31 9999 -90 -65 F -
20 31 9999 -85 -65 F -
21 31 9999 -80 -65 F -
22 31 9999 -75 -65 F -
23 31 9999 -70 -65 F -
24 31 9999 -65 -65 F -
25 31 9999 -60 -65 F -
26 31 9999 -55 -65 F -
27 31 9999 -50 -65 F -
28 31 9999 -45 -65 F -
29 31 9999 -40 -65 F -
30 31 9999 -35 -65 F -
31 31 9999 -30 -65 F -
32 31 9999 -25 -65 F -
33 31 9999 -20 -65 F -
34 31 9999 -15 -65 F -
35 31 9999 -10 -65 F -
36 31 9999 -5 -65 F -
37 31 9999 0 -65 F -
38 31 9999 5 -65 F -
39 31 9999 10 -65 F -
40 31 9999 15 -65 F -
41 31 9999 20 -65 F -
42 31 9999 25 -65 F -
43 31 9999 30 -65 F -
44 31 9999 35 -65 F -
45 31 9999 40 -65 F -
46 31 9999 45 -65 F -
47 31 9999 50 -65 F -
48 31 9999 55 -65 F -
49 31 9999 60 -65 F -
50 31 9999 65 -65 F -
51 31 9999 70 -65 F -
52 31 9999 75 -65 F -
53 31 9999 80 -65 F -
54 31 9999 85 -65 F -
55 31 9999 90 -65 F -
56 31 9999 95 -65 F -
57 31 9999 100 -65 F -
58 31 9999 105 -65 F -
59 31 9999 110 -65 F -
60 31 9999 115 -65 F -
61 31 9999 120 -65 F -
62 31 9999 125 -65 F -
63 31 9999 130 -65 F -
64 31 9999 135 -65 F -
65 31 9999 140 -65 F -
66 31 9999 145 -65 F -
67 31 9999 150 -65 F -
68 31 9999 155 -65 F -
69 31 9999 160 -65 F -
70 31 9999 165 -65 F -
71 31 9999 170 -65 F -
72 31 9999 175 -65 F -
73 31 9999 180 -65 F -
1 32 9999 -180 -70 F -
2 32 9999 -175 -70 F -
3 32 9999 -170 -70 F -
4 32 9999 -165 -70 F -
5 32 9999 -160 -70 F -
6 32 9999 -155 -70 F -
7 32 9999 -150 -70 F -
8 32 9999 -145 -70 F -
9 32 9999 -140 -70 F -
10 32 9999 -135 -70 F -
11 32 9999 -130 -70 F -
12 32 9999 -125 -70 F -
13 32 9999 -120 -70 F -
14 32 9999 -115 -70 F -
15 32 9999 -110 -70 F -
16 32 9999 -105 -70 F -
17 32 9999 -100 -70 F -
18 32 9999 -95 -70 F -
19 32 9999 -90 -70 F -
20 32 9999 -85 -70 F -
21 32 9999 -80 -70 F -
22 32 9999 -75 -70 F -
23 32 9999 -70 -70 F -
24 32 9999 -65 -70 F -
25 32 9999 -60 -70 F -
26 32 9999 -55 -70 F -
27 32 9999 -50 -70 F -
28 32 9999 -45 -70 F -
29 32 9999 -40 -70 F -
30 32 9999 -35 -70 F -
31 32 9999 -30 -70 F -
32 32 9999 -25 -70 F -
33 32 9999 -20 -70 F -
34 32 9999 -15 -70 F -
35 32 9999 -10 -70 F -
36 32 9999 -5 -70 F -
37 32 9999 0 -70 F -
38 32 9999 5 -70 F -
39 32 9999 10 -70 F -
40 32 9999 15 -70 F -
41 32 9999 20 -70 F -
42 32 9999 25 -70 F -
43 32 9999 30 -70 F -
44 32 9999 35 -70 F -
45 32 9999 40 -70 F -
46 32 9999 45 -70 F -
47 32 9999 50 -70 F -
48 32 9999 55 -70 F -
49 32 9999 60 -70 F -
50 32 9999 65 -70 F -
51 32 9999 70 -70 F -
52 32 9999 75 -70 F -
53 32 9999 80 -70 F -
54 32 9999 85 -70 F -
55 32 9999 90 -70 F -
56 32 9999 95 -70 F -
57 32 9999 100 -70 F -
58 32 9999 105 -70 F -
59 32 9999 110 -70 F -
60 32 9999 115 -70 F -
61 32 9999 120 -70 F -
62 32 9999 125 -70 F -
63 32 9999 130 -70 F -
64 32 9999 135 -70 F -
65 32 9999 140 -70 F -
66 32 9999 145 -70 F -
67 32 9999 150 -70 F -
68 32 9999 155 -70 F -
69 32 9999 160 -70 F -
70 32 9999 165 -70 F -
71 32 9999 170 -70 F -
72 32 9999 175 -70 F -
73 32 9999 180 -70 F -
1 33 9999 -180 -75 F -
2 33 9999 -175 -75 F -
3 33 9999 -170 -75 F -
4 33 9999 -165 -75 F -
5 33 9999 -160 -75 F -
6 33 9999 -155 -75 F -
7 33 9999 -150 -75 F -
8 33 9999 -145 -75 F -
9 33 9999 -140 -75 F -
10 33 9999 -135 -75 F -
11 33 9999 -130 -75 F -
12 33 9999 -125 -75 F -
13 33 9999 -120 -75 F -
14 33 9999 -115 -75 F -
15 33 9999 -110 -75 F -
16 33 9999 -105 -75 F -
17 33 9999 -100 -75 F -
18 33 9999 -95 -75 F -
19 33 9999 -90 -75 F -
20 33 9999 -85 -75 F -
21 33 9999 -80 -75 F -
22 33 9999 -75 -75 F -
23 33 9999 -70 -75 F -
24 33 9999 -65 -75 F -
25 33 9999 -60 -75 F -
26 33 9999 -55 -75 F -
27 33 9999 -50 -75 F -
28 33 9999 -45 -75 F -
29 33 9999 -40 -75 F -
30 33 9999 -35 -75 F -
31 33 9999 -30 -75 F -
32 33 9999 -25 -75 F -
33 33 9999 -20 -75 F -
34 33 9999 -15 -75 F -
35 33 9999 -10 -75 F -
36 33 9999 -5 -75 F -
37 33 9999 0 -75 F -
38 33 9999 5 -75 F -
39 33 9999 10 -75 F -
40 33 9999 15 -75 F -
41 33 9999 20 -75 F -
42 33 9999 25 -75 F -
43 33 9999 30 -75 F -
44 33 9999 35 -75 F -
45 33 9999 40 -75 F -
46 33 9999 45 -75 F -
47 33 9999 50 -75 F -
48 33 9999 55 -75 F -
49 33 9999 60 -75 F -
50 33 9999 65 -75 F -
51 33 9999 70 -75 F -
52 33 9999 75 -75 F -
53 33 9999 80 -75 F -
54 33 9999 85 -75 F -
55 33 9999 90 -75 F -
56 33 9999 95 -75 F -
57 33 9999 100 -75 F -
58 33 9999 105 -75 F -
59 33 9999 110 -75 F -
60 33 9999 115 -75 F -
61 33 9999 120 -75 F -
62 33 9999 125 -75 F -
63 33 9999 130 -75 F -
64 33 9999 135 -75 F -
65 33 9999 140 -75 F -
66 33 9999 145 -75 F -
67 33 9999 150 -75 F -
68 33 9999 155 -75 F -
69 33 9999 160 -75 F -
70 33 9999 165 -75 F -
71 33 9999 170 -75 F -
72 33 9999 175 -75 F -
73 33 9999 180 -75 F -
1 34 9999 -180 -80 F -
2 34 9999 -175 -80 F -
3 34 9999 -170 -80 F -
4 34 9999 -165 -80 F -
5 34 9999 -160 -80 F -
6 34 9999 -155 -80 F -
7 34 9999 -150 -80 F -
8 34 9999 -145 -80 F -
9 34 9999 -140 -80 F -
10 34 9999 -135 -80 F -
11 34 9999 -130 -80 F -
12 34 9999 -125 -80 F -
13 34 9999 -120 -80 F -
14 34 9999 -115 -80 F -
15 34 9999 -110 -80 F -
16 34 9999 -105 -80 F -
17 34 9999 -100 -80 F -
18 34 9999 -95 -80 F -
19 34 9999 -90 -80 F -
20 34 9999 -85 -80 F -
21 34 9999 -80 -80 F -
22 34 9999 -75 -80 F -
23 34 9999 -70 -80 F -
24 34 9999 -65 -80 F -
25 34 9999 -60 -80 F -
26 34 9999 -55 -80 F -
27 34 9999 -50 -80 F -
28 34 9999 -45 -80 F -
29 34 9999 -40 -80 F -
30 34 9999 -35 -80 F -
31 34 9999 -30 -80 F -
32 34 9999 -25 -80 F -
33 34 9999 -20 -80 F -
34 34 9999 -15 -80 F -
35 34 9999 -10 -80 F -
36 34 9999 -5 -80 F -
37 34 9999 0 -80 F -
38 34 9999 5 -80 F -
39 34 9999 10 -80 F -
40 34 9999 15 -80 F -
41 34 9999 20 -80 F -
42 34 9999 25 -80 F -
43 34 9999 30 -80 F -
44 34 9999 35 -80 F -
45 34 9999 40 -80 F -
46 34 9999 45 -80 F -
47 34 9999 50 -80 F -
48 34 9999 55 -80 F -
49 34 9999 60 -80 F -
50 34 9999 65 -80 F -
51 34 9999 70 -80 F -
52 34 9999 75 -80 F -
53 34 9999 80 -80 F -
54 34 9999 85 -80 F -
55 34 9999 90 -80 F -
56 34 9999 95 -80 F -
57 34 9999 100 -80 F -
58 34 9999 105 -80 F -
59 34 9999 110 -80 F -
60 34 9999 115 -80 F -
61 34 9999 120 -80 F -
62 34 9999 125 -80 F -
63 34 9999 130 -80 F -
64 34 9999 135 -80 F -
65 34 9999 140 -80 F -
66 34 9999 145 -80 F -
67 34 9999 150 -80 F -
68 34 9999 155 -80 F -
69 34 9999 160 -80 F -
70 34 9999 165 -80 F -
71 34 9999 170 -80 F -
72 34 9999 175 -80 F -
73 34 9999 180 -80 F -
1 35 9999 -180 -85 F -
2 35 9999 -175 -85 F -
3 35 9999 -170 -85 F -
4 35 9999 -165 -85 F -
5 35 9999 -160 -85 F -
6 35 9999 -155 -85 F -
7 35 9999 -150 -85 F -
8 35 9999 -145 -85 F -
9 35 9999 -140 -85 F -
10 35 9999 -135 -85 F -
11 35 9999 -130 -85 F -
12 35 9999 -125 -85 F -
13 35 9999 -120 -85 F -
14 35 9999 -115 -85 F -
15 35 9999 -110 -85 F -
16 35 9999 -105 -85 F -
17 35 9999 -100 -85 F -
18 35 9999 -95 -85 F -
19 35 9999 -90 -85 F -
20 35 9999 -85 -85 F -
21 35 9999 -80 -85 F -
22 35 9999 -75 -85 F -
23 35 9999 -70 -85 F -
24 35 9999 -65 -85 F -
25 35 9999 -60 -85 F -
26 35 9999 -55 -85 F -
27 35 9999 -50 -85 F -
28 35 9999 -45 -85 F -
29 35 9999 -40 -85 F -
30 35 9999 -35 -85 F -
31 35 9999 -30 -85 F -
32 35 9999 -25 -85 F -
33 35 9999 -20 -85 F -
34 35 9999 -15 -85 F -
35 35 9999 -10 -85 F -
36 35 9999 -5 -85 F -
37 35 9999 0 -85 F -
38 35 9999 5 -85 F -
39 35 9999 10 -85 F -
40 35 9999 15 -85 F -
41 35 9999 20 -85 F -
42 35 9999 25 -85 F -
43 35 9999 30 -85 F -
44 35 9999 35 -85 F -
45 35 9999 40 -85 F -
46 35 9999 45 -85 F -
47 35 9999 50 -85 F -
48 35 9999 55 -85 F -
49 35 9999 60 -85 F -
50 35 9999 65 -85 F -
51 35 9999 70 -85 F -
52 35 9999 75 -85 F -
53 35 9999 80 -85 F -
54 35 9999 85 -85 F -
55 35 9999 90 -85 F -
56 35 9999 95 -85 F -
57 35 9999 100 -85 F -
58 35 9999 105 -85 F -
59 35 9999 110 -85 F -
60 35 9999 115 -85 F -
61 35 9999 120 -85 F -
62 35 9999 125 -85 F -
63 35 9999 130 -85 F -
64 35 9999 135 -85 F -
65 35 9999 140 -85 F -
66 35 9999 145 -85 F -
67 35 9999 150 -85 F -
68 35 9999 155 -85 F -
69 35 9999 160 -85 F -
70 35 9999 165 -85 F -
71 35 9999 170 -85 F -
72 35 9999 175 -85 F -
73 35 9999 180 -85 F -
