120 15 01 20 13 30 14 18 534964000000FFFFFFC00000001FFFC00001FFFC00003FFFE001FC003C15ABC0
120 15 01 20 13 30 18 18 9A495800003F800007C000000000000000000000000000000000000021E0AB00
120 15 01 20 13 30 26 18 5349540000FF80007FC0003FE0001FF00007FC0003FE0000FF00007F89DC1D80
120 15 01 20 13 30 30 18 9A49500001FF8000FFC0007FE0003FF0000FF80003FE0001FF0000FFBA0E77C0
120 15 01 20 13 30 38 18 53494C000000000000400001F00003F80003FC0003FE0001FF0001FFB33ED800
120 15 01 20 13 30 54 26 9A6A4C23812909484201D00C704B82200DBFEFFF7FFBFFDFFEFFF7802A049480
120 15 01 20 13 30 58 26 C6690C3501A70D385E3FDFFEFFF78BEC44E1B70DB869C2EFFEFFF78014B46A40
120 15 01 20 13 31 10 26 C66A4826E1490AC04E020E0F7073031C1BDFEFFF7FFBFFDFFEF086802DB23700
120 15 01 20 13 31 18 26 9A69043321590BC86282F3FEFFF7923477428A0E485A43301980BC000EDF1A80
120 15 01 20 13 31 26 26 536A57FDFFEFFF7FFBFFDE000000000000000000000000000000000003787180
120 15 01 20 13 31 34 26 C669442D213908BFFBCA3A34B12D076431414C0A4845FFDE3ED156002C2DDB40
120 15 01 20 13 31 38 26 5368CBFDFFEFFF78838377FEFFF7FFBC25DFEFFF791F871821A0CD000CB7BCC0
120 15 01 20 13 31 46 26 C66A4422E10707B83DC1EE0F808F7FBFFDFFEFFF7FFBFFDFFEFFF780231F22C0
120 15 01 20 13 31 50 26 536A5011C09E04E82300F606B02D00E809605EFF7FFBFFDFFEFFF780376D3800
120 15 01 20 13 31 58 26 C66983FDFFEFFF7FFBFFDFFEFFF7FFBFFDFFEFFF7FFBC000000000003F18C380
120 15 01 20 13 32 06 26 9A6953FDFFEFFF7FFBFFDFFEFFF7FFBFFDFFEF000000000000000000193D2340
120 15 01 20 13 32 14 26 536903FDFFEF2460EAC4741790AD05AC2F8168FF7FFBC9963B913D001E249880
120 15 01 20 13 32 18 26 9A694FFDFFEFFF7FFBFFDFFEFFF7FFBFFDFFEFFF7FFBFFDFFEFFF7803712EF80
120 15 01 20 13 32 26 26 5368CC2F416DFF78534000000000000000000000000000000000000020E05440
120 15 01 20 13 32 30 26 9A69142AE000000000000000000000000000000000000000000000003667B440
120 15 01 20 13 32 46 26 C66A43FDFFEFFF7FFBFFDFFEFFF7851C2B21680BC05A02B013709B8035F6B8C0
120 15 01 20 13 32 54 26 9A69483D619A0B4053429A119FF7FFBC53C19D0B77FBFFDFFEF096801667BF00
120 15 01 20 13 32 58 26 C66943FDE66E28F0BAC4321B80BC056026FFEF33712B45B620A0CC800C6B8100
120 15 01 20 13 33 06 26 9A68C3FDFFEFFF7FFBFFDFFEFFF7FFBFFDFFEFFF78633FDFFEFFF780160CB940
120 15 01 20 13 33 10 26 C6690BFDFFEFFF78FF45941F80C4065C350178FF7FFBFFDE2FB10C0016D72280
120 15 01 20 13 33 18 26 9A68C7FDFFEF0C77FBFFDFFEFFF7FFBFFDFFEFFF7FFBFFDFFEFFF7801BF7CCC0
120 15 01 20 13 33 26 26 536913FDE2FC10C071C34E1970B3FFBFFDE4CE18588A03901980BB801823EE40
120 15 01 20 13 33 34 18 C64964000000FFFFFFC00000001FFFC00001FFFC00003FFFE001FC0035C98BC0
120 15 01 20 13 33 38 18 53495800003F800007C00000000000000000000000000000000000003CE7EA80
120 15 01 20 13 33 46 18 C649540000FF80007FC0003FE0001FF00007FC0003FE0000FF00007F80003D80
120 15 01 20 13 33 50 18 5349500001FF8000FFC0007FE0003FF0000FF80003FE0001FF0000FFA7093640
120 15 01 20 13 33 58 18 C6494C000000000000400001F00003F80003FC0003FE0001FF0001FFBAE2F800
120 15 01 20 13 34 14 26 536A4C23812909404201D00B704C01E00DBFEFFF7FFBFFDFFEFFF7801F967740
120 15 01 20 13 34 18 26 9A690C34E1B70D385E3FDFFEFFF78BAC44E1B70DB869C2EFFEFFF7800035FD00
120 15 01 20 13 34 30 26 9A6A482721480AC04E020E0F707302DC1BDFEFFF7FFBFFDFFEF0868017549640
120 15 01 20 13 34 38 26 5369043321590C486642D3FEFFF791B475428A0DC05A43301980BC0028B52740
120 15 01 20 13 34 46 26 C66A57FDFFEFFF7FFBFFDE00000000000000000000000000000000000AA45180
120 15 01 20 13 34 54 26 9A69442D414908BFFBCA1A33B13587282F414C0A4845FFDE3FD15E8015069080
120 15 01 20 13 34 58 26 C668CBFDFFEFFF78834379FEFFF7FFBC25DFEFFF791B86F821A0CD002B9638C0
120 15 01 20 13 35 06 26 9A6A4422E10707B83DC1CE0E808F7FBFFDFFEFFF7FFBFFDFFEFFF7801D582B80
120 15 01 20 13 35 10 26 C66A53FDE08E04E82700F606B02D012809405DFF7FFBFFDFFEFFF7803F0B8380
120 15 01 20 13 35 18 26 9A6983FDFFEFFF7FFBFFDFFEFFF7FFBFFDFFEFFF7FFBC000000000002BC3A200
120 15 01 20 13 35 26 26 536953FDFFEFFF7FFBFFDFFEFFF7FFBFFDFFEF000000000000000000043A62C0
120 15 01 20 13 35 34 26 C66903FDFFEF2458EA847418A0AD05B02F8169FF7FFBC9963B9135002E0D7380
120 15 01 20 13 35 38 26 53694FFDFFEFFF7FFBFFDFFEFFF7FFBFFDFFEFFF7FFBFFDFFEFFF7802A15AE00
120 15 01 20 13 35 46 26 C668CC2F616DFF7853400000000000000000000000000000000000000BD67500
120 15 01 20 13 35 50 26 53691428E000000000000000000000000000000000000000000000002DA0AF80
120 15 01 20 13 36 06 26 9A6A43FDFFEFFF7FFBFFDFFEFFF7851C2AE1680BC05A02AE13709B800D1B3000
120 15 01 20 13 36 14 26 5369483B819CFF7853427A119FF7FFBFFDE1CD0AF7FBFFDFFEF09E8031E01200
120 15 01 20 13 36 18 26 9A6943FDE65E2970BEC4321A80BC056024FFEF32711F455620A0C50039226000
120 15 01 20 13 36 26 26 5368C3FDFFEFFF7FFBFFDFFEFFF7FFBFFDFFEFFF785E7FDFFEFFF78011116040
120 15 01 20 13 36 30 26 9A690BFDFFEFFF790345941F80C4065C350178FF7FFBFFDE2EA10C0036D3D080
120 15 01 20 13 36 38 26 5368C7FDFFEF0C6FFBFFDFFEFFF7FFBFFDFFEFFF7FFBFFDFFEFFF78004710000
120 15 01 20 13 36 46 26 C66913FDE2EB10B871C34E1970B3FFBFFDE4CE17D88603901980BB801F6EB5C0
120 15 01 20 13 36 54 18 9A4964000000FFFFFFC00000001FFFC00001FFFC00003FFFE001FC002112EA40
120 15 01 20 13 36 58 18 C6495800003F800007C0000000000000000000000000000000000000353BCA80
120 15 01 20 13 37 06 18 9A49540000FF80007FC0003FE0001FF00007FC0003FE0000FF00007F94DB5C00
120 15 01 20 13 37 10 18 C649500001FF8000FFC0007FE0003FF0000FF80003FE0001FF0000FFAED51640
120 15 01 20 13 37 18 18 9A494C000000000000400001F00003F80003FC0003FE0001FF0001FFAE399980
120 15 01 20 13 37 34 26 C66A4C23812908C84201B00B704401E00FBFEFFF7FFBFFDFFEFFF7803FD92DC0
120 15 01 20 13 37 38 26 53690C34E1B70D385DFFDFFEFFF78BAC42E1B70DB869C2EFFEFFF78015464840
120 15 01 20 13 37 50 26 536A482721480AC04E020E0E706B02DC1BBFEFFF7FFBFFDFFEF0868003CD1980
120 15 01 20 13 37 58 26 C669043321590C506642D1FEFFF791B477428A0DC85A43301980BC000BA2FC80
120 15 01 20 13 38 06 26 9A6A57FDFFEFFF7FFBFFDE00000000000000000000000000000000001E7F3000
120 15 01 20 13 38 14 26 5369442D214908BFFBCA1A32B13586E82F615C09C845FFDE42D15E8007CCF740
120 15 01 20 13 38 18 26 9A68CBFDFFEFFF7883435818C0BEFFBC27DFEFFF791B86FA20A0C58024DCAC80
120 15 01 20 13 38 26 26 536A4422E10707B83DC1CE0E808F7FBFFDFFEFFF7FFBFFDFFEFFF780005F6A00
120 15 01 20 13 38 30 26 9A6A53FDE08E04E82700F606B025012809804EFF7FFBFFDFFEFFF7803DE38480
120 15 01 20 13 38 38 26 536983FDFFEFFF7FFBFFDFFEFFF7FFBFFDFFEFFF7FFBC0000000000036C4E380
120 15 01 20 13 38 46 26 C66953FDFFEFFF7FFBFFDFFEFFF7FFBFFDFFEF0000000000000000000DE642C0
120 15 01 20 13 38 54 26 9A6903FDFFEF2460EA84741890AD05F42F8168FF7FFBC9763B912D003E1DBD80
120 15 01 20 13 38 58 26 C6694FFDFFEFFF7FFBFFDFFEFFF7FFBFFDFFEFFF7FFBFFDFFEFFF78023C98E00
120 15 01 20 13 39 06 26 9A68CC2F416D0B70534000000000000000000000000000000000000012E24040
120 15 01 20 13 39 10 26 C6691428E00000000000000000000000000000000000000000000000247C8F80
120 15 01 20 13 39 26 26 536A43FDFFEFFF7FFBFFDFFEFFF7851C2AE1680B405A028E1370938001C70780
120 15 01 20 13 39 34 26 C6694839818C0AE853425A109FF7FFBFFDE1BD0A77FBFFDFFEF096800E10E600
120 15 01 20 13 39 38 26 536943FDE65E2A70BEC4321980BC056024FFEF31711745561FA0C48031609280
120 15 01 20 13 39 46 26 C668C3FDFFEFFF7FFBFFDFFEFFF7FFBFFDFFEFFF7FFBC29DFEFFF780254A9840
120 15 01 20 13 39 50 26 53690BFDFFEF21710345941F80C4069C350178FF7FFBFFDE2EB10C00221DE6C0
120 15 01 20 13 39 58 26 C668C7FDFFEF0C685FBFDFFEFFF7FFBFFDFFEFFF7FFBFFDFFEFFF78002843800
120 15 01 20 13 40 06 26 9A6913FDE2DA103871C34E1970B3FFBFFDE4CE17D885C3701980BC003C2C9C80
120 15 01 20 13 40 14 18 534964000000FFFFFFC00000001FFFC00001FFFC00003FFFE001FC003C15ABC0
120 15 01 20 13 40 18 18 9A495800003F800007C000000000000000000000000000000000000021E0AB00
120 15 01 20 13 40 26 18 5349540000FF80007FC0003FE0001FF00007FC0003FE0000FF00007F89DC1D80
120 15 01 20 13 40 30 18 9A49500001FF8000FFC0007FE0003FF0000FF80003FE0001FF0000FFBA0E77C0
120 15 01 20 13 40 38 18 53494C000000000000400001F00003F80003FC0003FE0001FF0001FFB33ED800
120 15 01 20 13 40 54 26 9A6A4C23812808C04201B00A704401E00FBFEFFF7FFBFFDFFEFFF7803734E580
120 15 01 20 13 40 58 26 C6690C34E1B70D385DFFDFFEFFF78B6C42E1C70DB869C2CFFEFFF7803FCF26C0
120 15 01 20 13 41 10 26 C66A482701480A384A020E0E706B02DC1DDFEFFF7FFBFFDFFEF0868027E4BA80
120 15 01 20 13 41 18 26 9A69043321590CC86642D1FEFFF7917477428A0DC85A03301980B4003AC87880
120 15 01 20 13 41 26 26 536A57FDFFEFFF7FFBFFDE000000000000000000000000000000000003787180
120 15 01 20 13 41 34 26 C669442D213908394B89DC33C13586E82F414C095041C71C44E15E00342F4640
120 15 01 20 13 41 38 26 5368CBFDFFEFFF78834359FEF0BDFFBC29DFEFFF791B86FA20A0C58015833200
120 15 01 20 13 41 46 26 C66A4422E10707B83DC1CE0E808F7FBFFDFFEFFF7FFBFFDFFEF09E80381AD080
120 15 01 20 13 41 50 26 536A53FDE08E04E826C11606B02500E807804EFF7FFBFFDFFEFFF780258E8C00
120 15 01 20 13 41 58 26 C66983FDFFEFFF7FFBFFDFFEFFF7FFBFFDFFEFFF7FFBC000000000003F18C380
120 15 01 20 13 42 06 26 9A6953FDFFEFFF7FFBFFDFFEFFF7FFBFFDFFEF000000000000000000193D2340
120 15 01 20 13 42 14 26 536903FDFFEF24E8EA84741890B50634318168FF7FFBC9763A912480379B6CC0
120 15 01 20 13 42 18 26 9A694FFDFFEFFF7FFBFFDFFEFFF7FFBFFDFFEFFF7FFBFFDFFEFFF7803712EF80
120 15 01 20 13 42 26 26 5368CC2F616D0B6857400000000000000000000000000000000000002517EB80
120 15 01 20 13 42 30 26 9A691428E0000000000000000000000000000000000000000000000030A7EE00
120 15 01 20 13 42 46 26 C66A43FDFFEFFF7847BFDE13D0A4051C2AE1680B3855C28E13709380334586C0
120 15 01 20 13 42 54 26 9A694837818B0AD053423A0F9FF7FFBFFDE19D0A77FBFFDFFEF096803363BD00
120 15 01 20 13 42 58 26 C66943FDFFEF2C70C2C4301980BC052024FFEF2F711345561F90C48005D9B300
120 15 01 20 13 43 06 26 9A68C3FDFFEFFF7FFBFFDFFEFFF7FFBFFDFFEFFF785F829DFEFFF780071FAA40
120 15 01 20 13 43 10 26 C6690BFDFFEF22F10345941F80C4069C350178FF7FFBFFDE2DB10C00196D3E80
120 15 01 20 13 43 18 26 9A68C7FDFFEFFF785F82BC13EFF7FFBFFDFFEFFF7FFBFFDE15EFF7802B87A980
120 15 01 20 13 43 26 26 536913FDE2DA103871C34E1970B3FFBFFDE4EE175085C3701880BC00010062C0
120 15 01 20 13 43 34 18 C64964000000FFFFFFC00000001FFFC00001FFFC00003FFFE001FC0035C98BC0
120 15 01 20 13 43 38 18 53495800003F800007C00000000000000000000000000000000000003CE7EA80
120 15 01 20 13 43 46 18 C649540000FF80007FC0003FE0001FF00007FC0003FE0000FF00007F80003D80
120 15 01 20 13 43 50 18 5349500001FF8000FFC0007FE0003FF0000FF80003FE0001FF0000FFA7093640
120 15 01 20 13 43 58 18 C6494C000000000000400001F00003F80003FC0003FE0001FF0001FFBAE2F800
120 15 01 20 13 44 14 26 536A4C23812808C03E01B00A804401E00FBFEFFF7FFBFFDFFEFFF7801FD88580
120 15 01 20 13 44 18 26 9A690C36E1B70D385DFFDFFEFFF78B2C42E1C70DB869C2CFFEFFF7803544EB80
120 15 01 20 13 44 30 26 9A6A482721480A384A020E0E706B82DC1DBFEFFF7FFBFFDFFEF086803BE6DD00
120 15 01 20 13 44 38 26 5369043321690CC86642D1FEFFF7913079428A0E405A03301980B40003444E40
120 15 01 20 13 44 46 26 C66A57FDFFEFFF7FFBFFDE00000000000000000000000000000000000AA45180
120 15 01 20 13 44 54 26 9A69442B012808393F89DC33B12D86E82F214B08C83DFFDE42E1560034E640C0
120 15 01 20 13 44 58 26 C668CBFDFFEFFF78834359FEF0BD7FBC2BDFEFFF791B86FA20B0C5802FAC8A00
