1 1 9999 -180 85 F -
1 2 9999 -175 85 F -
1 3 9999 -170 85 F -
1 4 9999 -165 85 F -
1 5 9999 -160 85 F -
1 6 9999 -155 85 F -
1 7 9999 -150 85 F -
1 8 9999 -145 85 F -
1 9 9999 -140 85 F -
1 10 9999 -135 85 F -
1 11 9999 -130 85 F -
1 12 9999 -125 85 F -
1 13 185 -120 85 T 2015 01 05 17 29 27
1 14 9999 -115 85 F -
1 15 9999 -110 85 F -
1 16 9999 -105 85 F -
1 17 177 -100 85 T 2015 01 05 17 29 27
1 18 9999 -95 85 F -
1 19 9999 -90 85 F -
1 20 9999 -85 85 F -
1 21 154 -80 85 T 2015 01 05 17 29 27
1 22 9999 -75 85 F -
1 23 9999 -70 85 F -
1 24 9999 -65 85 F -
1 25 139 -60 85 T 2015 01 05 17 29 27
1 26 9999 -55 85 F -
1 27 9999 -50 85 F -
1 28 9999 -45 85 F -
1 29 123 -40 85 T 2015 01 05 17 29 27
1 30 9999 -35 85 F -
1 31 9999 -30 85 F -
1 32 9999 -25 85 F -
1 33 115 -20 85 T 2015 01 05 17 29 27
1 34 9999 -15 85 F -
1 35 9999 -10 85 F -
1 36 9999 -5 85 F -
1 37 108 0 85 T 2015 01 05 17 29 27
1 38 9999 5 85 F -
1 39 9999 10 85 F -
1 40 9999 15 85 F -
1 41 9999 20 85 F -
1 42 9999 25 85 F -
1 43 9999 30 85 F -
1 44 9999 35 85 F -
1 45 9999 40 85 F -
1 46 9999 45 85 F -
1 47 9999 50 85 F -
1 48 9999 55 85 F -
1 49 9999 60 85 F -
1 50 9999 65 85 F -
1 51 9999 70 85 F -
1 52 9999 75 85 F -
1 53 9999 80 85 F -
1 54 9999 85 85 F -
1 55 9999 90 85 F -
1 56 9999 95 85 F -
1 57 9999 100 85 F -
1 58 9999 105 85 F -
1 59 9999 110 85 F -
1 60 9999 115 85 F -
1 61 9999 120 85 F -
1 62 9999 125 85 F -
1 63 9999 130 85 F -
1 64 9999 135 85 F -
1 65 9999 140 85 F -
1 66 9999 145 85 F -
1 67 9999 150 85 F -
1 68 9999 155 85 F -
1 69 9999 160 85 F -
1 70 9999 165 85 F -
1 71 9999 170 85 F -
1 72 9999 175 85 F -
2 1 9999 -180 80 F -
2 2 9999 -175 80 F -
2 3 9999 -170 80 F -
2 4 9999 -165 80 F -
2 5 9999 -160 80 F -
2 6 9999 -155 80 F -
2 7 9999 -150 80 F -
2 8 9999 -145 80 F -
2 9 9999 -140 80 F -
2 10 9999 -135 80 F -
2 11 9999 -130 80 F -
2 12 9999 -125 80 F -
2 13 9999 -120 80 F -
2 14 9999 -115 80 F -
2 15 9999 -110 80 F -
2 16 9999 -105 80 F -
2 17 9999 -100 80 F -
2 18 9999 -95 80 F -
2 19 9999 -90 80 F -
2 20 9999 -85 80 F -
2 21 9999 -80 80 F -
2 22 9999 -75 80 F -
2 23 9999 -70 80 F -
2 24 9999 -65 80 F -
2 25 9999 -60 80 F -
2 26 9999 -55 80 F -
2 27 9999 -50 80 F -
2 28 9999 -45 80 F -
2 29 9999 -40 80 F -
2 30 9999 -35 80 F -
2 31 9999 -30 80 F -
2 32 9999 -25 80 F -
2 33 9999 -20 80 F -
2 34 9999 -15 80 F -
2 35 9999 -10 80 F -
2 36 9999 -5 80 F -
2 37 9999 0 80 F -
2 38 9999 5 80 F -
2 39 9999 10 80 F -
2 40 9999 15 80 F -
2 41 9999 20 80 F -
2 42 9999 25 80 F -
2 43 9999 30 80 F -
2 44 9999 35 80 F -
2 45 9999 40 80 F -
2 46 9999 45 80 F -
2 47 9999 50 80 F -
2 48 9999 55 80 F -
2 49 9999 60 80 F -
2 50 9999 65 80 F -
2 51 9999 70 80 F -
2 52 9999 75 80 F -
2 53 9999 80 80 F -
2 54 9999 85 80 F -
2 55 9999 90 80 F -
2 56 9999 95 80 F -
2 57 9999 100 80 F -
2 58 9999 105 80 F -
2 59 9999 110 80 F -
2 60 9999 115 80 F -
2 61 9999 120 80 F -
2 62 9999 125 80 F -
2 63 9999 130 80 F -
2 64 9999 135 80 F -
2 65 9999 140 80 F -
2 66 9999 145 80 F -
2 67 9999 150 80 F -
2 68 9999 155 80 F -
2 69 9999 160 80 F -
2 70 9999 165 80 F -
2 71 9999 170 80 F -
2 72 9999 175 80 F -
3 1 9999 -180 75 F -
3 2 9999 -175 75 F -
3 3 9999 -170 75 F -
3 4 9999 -165 75 F -
3 5 9999 -160 75 F -
3 6 9999 -155 75 F -
3 7 9999 -150 75 F -
3 8 9999 -145 75 F -
3 9 9999 -140 75 F -
3 10 9999 -135 75 F -
3 11 9999 -130 75 F -
3 12 9999 -125 75 F -
3 13 9999 -120 75 F -
3 14 9999 -115 75 F -
3 15 9999 -110 75 F -
3 16 9999 -105 75 F -
3 17 9999 -100 75 F -
3 18 9999 -95 75 F -
3 19 9999 -90 75 F -
3 20 9999 -85 75 F -
3 21 23 -80 75 T 2015 01 05 17 29 27
3 22 9999 -75 75 F -
3 23 23 -70 75 T 2015 01 05 17 29 27
3 24 9999 -65 75 F -
3 25 23 -60 75 T 2015 01 05 17 29 27
3 26 9999 -55 75 F -
3 27 185 -50 75 T 2015 01 05 17 29 27
3 28 9999 -45 75 F -
3 29 177 -40 75 T 2015 01 05 17 29 27
3 30 9999 -35 75 F -
3 31 154 -30 75 T 2015 01 05 17 29 27
3 32 9999 -25 75 F -
3 33 139 -20 75 T 2015 01 05 17 29 27
3 34 9999 -15 75 F -
3 35 123 -10 75 T 2015 01 05 17 29 27
3 36 9999 -5 75 F -
3 37 115 0 75 T 2015 01 05 17 29 27
3 38 9999 5 75 F -
3 39 108 10 75 T 2015 01 05 17 29 27
3 40 9999 15 75 F -
3 41 85 20 75 T 2015 01 05 17 29 27
3 42 9999 25 75 F -
3 43 69 30 75 T 2015 01 05 17 29 27
3 44 9999 35 75 F -
3 45 46 40 75 T 2015 01 05 17 29 27
3 46 9999 45 75 F -
3 47 38 50 75 T 2015 01 05 17 29 27
3 48 9999 55 75 F -
3 49 131 60 75 T 2015 01 05 17 29 27
3 50 9999 65 75 F -
3 51 108 70 75 T 2015 01 05 17 29 27
3 52 9999 75 75 F -
3 53 77 80 75 T 2015 01 05 17 29 27
3 54 9999 85 75 F -
3 55 9999 90 75 F -
3 56 9999 95 75 F -
3 57 9999 100 75 F -
3 58 9999 105 75 F -
3 59 9999 110 75 F -
3 60 9999 115 75 F -
3 61 9999 120 75 F -
3 62 9999 125 75 F -
3 63 9999 130 75 F -
3 64 9999 135 75 F -
3 65 9999 140 75 F -
3 66 9999 145 75 F -
3 67 9999 150 75 F -
3 68 9999 155 75 F -
3 69 9999 160 75 F -
3 70 9999 165 75 F -
3 71 9999 170 75 F -
3 72 9999 175 75 F -
4 1 9999 -180 70 F -
4 2 9999 -175 70 F -
4 3 9999 -170 70 F -
4 4 9999 -165 70 F -
4 5 9999 -160 70 F -
4 6 9999 -155 70 F -
4 7 9999 -150 70 F -
4 8 9999 -145 70 F -
4 9 9999 -140 70 F -
4 10 9999 -135 70 F -
4 11 9999 -130 70 F -
4 12 9999 -125 70 F -
4 13 9999 -120 70 F -
4 14 9999 -115 70 F -
4 15 9999 -110 70 F -
4 16 9999 -105 70 F -
4 17 9999 -100 70 F -
4 18 9999 -95 70 F -
4 19 9999 -90 70 F -
4 20 9999 -85 70 F -
4 21 9999 -80 70 F -
4 22 9999 -75 70 F -
4 23 38 -70 70 T 2015 01 05 17 29 27
4 24 9999 -65 70 F -
4 25 23 -60 70 T 2015 01 05 17 29 27
4 26 9999 -55 70 F -
4 27 23 -50 70 T 2015 01 05 17 29 27
4 28 9999 -45 70 F -
4 29 23 -40 70 T 2015 01 05 17 29 27
4 30 9999 -35 70 F -
4 31 185 -30 70 T 2015 01 05 17 29 27
4 32 9999 -25 70 F -
4 33 177 -20 70 T 2015 01 05 17 29 27
4 34 9999 -15 70 F -
4 35 154 -10 70 T 2015 01 05 17 29 27
4 36 9999 -5 70 F -
4 37 139 0 70 T 2015 01 05 17 29 27
4 38 9999 5 70 F -
4 39 123 10 70 T 2015 01 05 17 29 27
4 40 9999 15 70 F -
4 41 115 20 70 T 2015 01 05 17 29 27
4 42 9999 25 70 F -
4 43 108 30 70 T 2015 01 05 17 29 27
4 44 9999 35 70 F -
4 45 85 40 70 T 2015 01 05 17 29 27
4 46 9999 45 70 F -
4 47 69 50 70 T 2015 01 05 17 29 27
4 48 9999 55 70 F -
4 49 46 60 70 T 2015 01 05 17 29 27
4 50 9999 65 70 F -
4 51 38 70 70 T 2015 01 05 17 29 27
4 52 9999 75 70 F -
4 53 9999 80 70 F -
4 54 9999 85 70 F -
4 55 9999 90 70 F -
4 56 9999 95 70 F -
4 57 9999 100 70 F -
4 58 9999 105 70 F -
4 59 9999 110 70 F -
4 60 9999 115 70 F -
4 61 9999 120 70 F -
4 62 9999 125 70 F -
4 63 9999 130 70 F -
4 64 9999 135 70 F -
4 65 9999 140 70 F -
4 66 9999 145 70 F -
4 67 9999 150 70 F -
4 68 9999 155 70 F -
4 69 9999 160 70 F -
4 70 9999 165 70 F -
4 71 9999 170 70 F -
4 72 9999 175 70 F -
5 1 9999 -180 65 F -
5 2 9999 -175 65 F -
5 3 9999 -170 65 F -
5 4 9999 -165 65 F -
5 5 9999 -160 65 F -
5 6 9999 -155 65 F -
5 7 9999 -150 65 F -
5 8 9999 -145 65 F -
5 9 9999 -140 65 F -
5 10 9999 -135 65 F -
5 11 9999 -130 65 F -
5 12 9999 -125 65 F -
5 13 9999 -120 65 F -
5 14 9999 -115 65 F -
5 15 9999 -110 65 F -
5 16 9999 -105 65 F -
5 17 9999 -100 65 F -
5 18 9999 -95 65 F -
5 19 9999 -90 65 F -
5 20 9999 -85 65 F -
5 21 9999 -80 65 F -
5 22 9999 -75 65 F -
5 23 46 -70 65 T 2015 01 05 17 29 27
5 24 9999 -65 65 F -
5 25 38 -60 65 T 2015 01 05 17 29 27
5 26 9999 -55 65 F -
5 27 23 -50 65 T 2015 01 05 17 29 27
5 28 9999 -45 65 F -
5 29 23 -40 65 T 2015 01 05 17 29 27
5 30 9999 -35 65 F -
5 31 23 -30 65 T 2015 01 05 17 29 27
5 32 9999 -25 65 F -
5 33 185 -20 65 T 2015 01 05 17 29 27
5 34 9999 -15 65 F -
5 35 177 -10 65 T 2015 01 05 17 29 27
5 36 9999 -5 65 F -
5 37 154 0 65 T 2015 01 05 17 29 27
5 38 9999 5 65 F -
5 39 139 10 65 T 2015 01 05 17 29 27
5 40 9999 15 65 F -
5 41 123 20 65 T 2015 01 05 17 29 27
5 42 9999 25 65 F -
5 43 115 30 65 T 2015 01 05 17 29 27
5 44 9999 35 65 F -
5 45 108 40 65 T 2015 01 05 17 29 27
5 46 9999 45 65 F -
5 47 85 50 65 T 2015 01 05 17 29 27
5 48 9999 55 65 F -
5 49 69 60 65 T 2015 01 05 17 29 27
5 50 9999 65 65 F -
5 51 46 70 65 T 2015 01 05 17 29 27
5 52 9999 75 65 F -
5 53 9999 80 65 F -
5 54 9999 85 65 F -
5 55 9999 90 65 F -
5 56 9999 95 65 F -
5 57 9999 100 65 F -
5 58 9999 105 65 F -
5 59 9999 110 65 F -
5 60 9999 115 65 F -
5 61 9999 120 65 F -
5 62 9999 125 65 F -
5 63 9999 130 65 F -
5 64 9999 135 65 F -
5 65 9999 140 65 F -
5 66 9999 145 65 F -
5 67 9999 150 65 F -
5 68 9999 155 65 F -
5 69 9999 160 65 F -
5 70 9999 165 65 F -
5 71 9999 170 65 F -
5 72 9999 175 65 F -
6 1 9999 -180 60 F -
6 2 9999 -175 60 F -
6 3 9999 -170 60 F -
6 4 9999 -165 60 F -
6 5 9999 -160 60 F -
6 6 9999 -155 60 F -
6 7 9999 -150 60 F -
6 8 9999 -145 60 F -
6 9 9999 -140 60 F -
6 10 9999 -135 60 F -
6 11 9999 -130 60 F -
6 12 9999 -125 60 F -
6 13 9999 -120 60 F -
6 14 9999 -115 60 F -
6 15 9999 -110 60 F -
6 16 9999 -105 60 F -
6 17 9999 -100 60 F -
6 18 9999 -95 60 F -
6 19 9999 -90 60 F -
6 20 9999 -85 60 F -
6 21 9999 -80 60 F -
6 22 9999 -75 60 F -
6 23 9999 -70 60 F -
6 24 9999 -65 60 F -
6 25 177 -60 60 T 2015 01 05 17 29 27
6 26 169 -55 60 T 2015 01 05 17 29 27
6 27 162 -50 60 T 2015 01 05 17 29 27
6 28 185 -45 60 T 2015 01 05 17 29 27
6 29 177 -40 60 T 2015 01 05 17 29 27
6 30 154 -35 60 T 2015 01 05 17 29 27
6 31 139 -30 60 T 2015 01 05 17 29 27
6 32 123 -25 60 T 2015 01 05 17 29 27
6 33 115 -20 60 T 2015 01 05 17 29 27
6 34 108 -15 60 T 2015 01 05 17 29 27
6 35 85 -10 60 T 2015 01 05 17 29 27
6 36 69 -5 60 T 2015 01 05 17 29 27
6 37 46 0 60 T 2015 01 05 17 29 27
6 38 38 5 60 T 2015 01 05 17 29 27
6 39 177 10 60 T 2015 01 05 17 29 27
6 40 23 15 60 T 2015 01 05 17 29 27
6 41 23 20 60 T 2015 01 05 17 29 27
6 42 185 25 60 T 2015 01 05 17 29 27
6 43 177 30 60 T 2015 01 05 17 29 27
6 44 154 35 60 T 2015 01 05 17 29 27
6 45 139 40 60 T 2015 01 05 17 29 27
6 46 123 45 60 T 2015 01 05 17 29 27
6 47 115 50 60 T 2015 01 05 17 29 27
6 48 108 55 60 T 2015 01 05 17 29 27
6 49 85 60 60 T 2015 01 05 17 29 27
6 50 69 65 60 T 2015 01 05 17 29 27
6 51 9999 70 60 F -
6 52 9999 75 60 F -
6 53 9999 80 60 F -
6 54 9999 85 60 F -
6 55 9999 90 60 F -
6 56 9999 95 60 F -
6 57 9999 100 60 F -
6 58 9999 105 60 F -
6 59 9999 110 60 F -
6 60 9999 115 60 F -
6 61 9999 120 60 F -
6 62 9999 125 60 F -
6 63 9999 130 60 F -
6 64 9999 135 60 F -
6 65 9999 140 60 F -
6 66 9999 145 60 F -
6 67 9999 150 60 F -
6 68 9999 155 60 F -
6 69 9999 160 60 F -
6 70 9999 165 60 F -
6 71 9999 170 60 F -
6 72 9999 175 60 F -
7 1 9999 -180 55 F -
7 2 9999 -175 55 F -
7 3 9999 -170 55 F -
7 4 9999 -165 55 F -
7 5 9999 -160 55 F -
7 6 9999 -155 55 F -
7 7 9999 -150 55 F -
7 8 9999 -145 55 F -
7 9 9999 -140 55 F -
7 10 9999 -135 55 F -
7 11 9999 -130 55 F -
7 12 9999 -125 55 F -
7 13 9999 -120 55 F -
7 14 9999 -115 55 F -
7 15 9999 -110 55 F -
7 16 9999 -105 55 F -
7 17 9999 -100 55 F -
7 18 9999 -95 55 F -
7 19 9999 -90 55 F -
7 20 9999 -85 55 F -
7 21 9999 -80 55 F -
7 22 9999 -75 55 F -
7 23 9999 -70 55 F -
7 24 9999 -65 55 F -
7 25 9999 -60 55 F -
7 26 277 -55 55 T 2015 01 05 17 27 02
7 27 9999 -50 55 F -
7 28 9999 -45 55 T 2015 01 05 17 27 02
7 29 54 -40 55 T 2015 01 05 17 27 14
7 30 231 -35 55 T 2015 01 05 17 27 14
7 31 231 -30 55 T 2015 01 05 17 28 55
7 32 0 -25 55 T 2015 01 05 17 29 39
7 33 477 -20 55 T 2015 01 05 17 26 54
7 34 169 -15 55 T 2015 01 05 17 28 23
7 35 162 -10 55 T 2015 01 05 17 28 23
7 36 139 -5 55 T 2015 01 05 17 28 23
7 37 208 0 55 T 2015 01 05 17 28 23
7 38 162 5 55 T 2015 01 05 17 28 23
7 39 146 10 55 T 2015 01 05 17 28 23
7 40 0 15 55 T 2015 01 05 17 29 43
7 41 562 20 55 T 2015 01 05 17 26 50
7 42 377 25 55 T 2015 01 05 17 28 51
7 43 385 30 55 T 2015 01 05 17 28 51
7 44 200 35 55 T 2015 01 05 17 29 59
7 45 38 40 55 T 2015 01 05 17 29 59
7 46 38 45 55 T 2015 01 05 17 29 59
7 47 115 50 55 T 2015 01 05 17 29 59
7 48 46 55 55 T 2015 01 05 17 29 59
7 49 9999 60 55 T 2015 01 05 17 29 15
7 50 0 65 55 T 2015 01 05 17 29 15
7 51 9999 70 55 F -
7 52 9999 75 55 F -
7 53 9999 80 55 F -
7 54 9999 85 55 F -
7 55 9999 90 55 F -
7 56 9999 95 55 F -
7 57 9999 100 55 F -
7 58 9999 105 55 F -
7 59 9999 110 55 F -
7 60 9999 115 55 F -
7 61 9999 120 55 F -
7 62 9999 125 55 F -
7 63 9999 130 55 F -
7 64 9999 135 55 F -
7 65 9999 140 55 F -
7 66 9999 145 55 F -
7 67 9999 150 55 F -
7 68 9999 155 55 F -
7 69 9999 160 55 F -
7 70 9999 165 55 F -
7 71 9999 170 55 F -
7 72 9999 175 55 F -
8 1 9999 -180 50 F -
8 2 9999 -175 50 F -
8 3 9999 -170 50 F -
8 4 9999 -165 50 F -
8 5 9999 -160 50 F -
8 6 9999 -155 50 F -
8 7 9999 -150 50 F -
8 8 9999 -145 50 F -
8 9 9999 -140 50 F -
8 10 9999 -135 50 F -
8 11 9999 -130 50 F -
8 12 9999 -125 50 F -
8 13 9999 -120 50 F -
8 14 9999 -115 50 F -
8 15 9999 -110 50 F -
8 16 9999 -105 50 F -
8 17 9999 -100 50 F -
8 18 9999 -95 50 F -
8 19 9999 -90 50 F -
8 20 9999 -85 50 F -
8 21 9999 -80 50 F -
8 22 9999 -75 50 F -
8 23 9999 -70 50 F -
8 24 9999 -65 50 F -
8 25 9999 -60 50 F -
8 26 9999 -55 50 F -
8 27 185 -50 50 T 2015 01 05 17 27 02
8 28 169 -45 50 T 2015 01 05 17 27 02
8 29 9999 -40 50 T 2015 01 05 17 27 14
8 30 277 -35 50 T 2015 01 05 17 27 14
8 31 246 -30 50 T 2015 01 05 17 28 55
8 32 0 -25 50 T 2015 01 05 17 29 39
8 33 162 -20 50 T 2015 01 05 17 26 54
8 34 177 -15 50 T 2015 01 05 17 28 23
8 35 154 -10 50 T 2015 01 05 17 28 23
8 36 146 -5 50 T 2015 01 05 17 28 23
8 37 139 0 50 T 2015 01 05 17 28 23
8 38 154 5 50 T 2015 01 05 17 28 23
8 39 185 10 50 T 2015 01 05 17 28 23
8 40 77 15 50 T 2015 01 05 17 28 23
8 41 46 20 50 T 2015 01 05 17 26 50
8 42 139 25 50 T 2015 01 05 17 28 51
8 43 123 30 50 T 2015 01 05 17 28 51
8 44 331 35 50 T 2015 01 05 17 29 59
8 45 46 40 50 T 2015 01 05 17 29 59
8 46 46 45 50 T 2015 01 05 17 29 59
8 47 31 50 50 T 2015 01 05 17 29 59
8 48 46 55 50 T 2015 01 05 17 29 59
8 49 9999 60 50 T 2015 01 05 17 29 15
8 50 9999 65 50 T 2015 01 05 17 29 15
8 51 9999 70 50 F -
8 52 9999 75 50 F -
8 53 9999 80 50 F -
8 54 9999 85 50 F -
8 55 9999 90 50 F -
8 56 9999 95 50 F -
8 57 9999 100 50 F -
8 58 9999 105 50 F -
8 59 9999 110 50 F -
8 60 9999 115 50 F -
8 61 9999 120 50 F -
8 62 9999 125 50 F -
8 63 9999 130 50 F -
8 64 9999 135 50 F -
8 65 9999 140 50 F -
8 66 9999 145 50 F -
8 67 9999 150 50 F -
8 68 9999 155 50 F -
8 69 9999 160 50 F -
8 70 9999 165 50 F -
8 71 9999 170 50 F -
8 72 9999 175 50 F -
9 1 9999 -180 45 F -
9 2 9999 -175 45 F -
9 3 9999 -170 45 F -
9 4 9999 -165 45 F -
9 5 9999 -160 45 F -
9 6 9999 -155 45 F -
9 7 9999 -150 45 F -
9 8 9999 -145 45 F -
9 9 9999 -140 45 F -
9 10 9999 -135 45 F -
9 11 9999 -130 45 F -
9 12 9999 -125 45 F -
9 13 9999 -120 45 F -
9 14 9999 -115 45 F -
9 15 9999 -110 45 F -
9 16 9999 -105 45 F -
9 17 9999 -100 45 F -
9 18 9999 -95 45 F -
9 19 9999 -90 45 F -
9 20 9999 -85 45 F -
9 21 9999 -80 45 F -
9 22 9999 -75 45 F -
9 23 9999 -70 45 F -
9 24 9999 -65 45 F -
9 25 9999 -60 45 F -
9 26 9999 -55 45 F -
9 27 169 -50 45 T 2015 01 05 17 27 02
9 28 208 -45 45 T 2015 01 05 17 27 02
9 29 185 -40 45 T 2015 01 05 17 27 14
9 30 154 -35 45 T 2015 01 05 17 27 14
9 31 331 -30 45 T 2015 01 05 17 28 55
9 32 0 -25 45 T 2015 01 05 17 29 39
9 33 177 -20 45 T 2015 01 05 17 26 54
9 34 146 -15 45 T 2015 01 05 17 28 23
9 35 139 -10 45 T 2015 01 05 17 28 23
9 36 185 -5 45 T 2015 01 05 17 28 23
9 37 185 0 45 T 2015 01 05 17 28 23
9 38 139 5 45 T 2015 01 05 17 28 23
9 39 300 10 45 T 2015 01 05 17 28 23
9 40 146 15 45 T 2015 01 05 17 28 23
9 41 54 20 45 T 2015 01 05 17 26 50
9 42 38 25 45 T 2015 01 05 17 28 51
9 43 38 30 45 T 2015 01 05 17 28 51
9 44 115 35 45 T 2015 01 05 17 29 59
9 45 69 40 45 T 2015 01 05 17 29 59
9 46 77 45 45 T 2015 01 05 17 29 59
9 47 46 50 45 T 2015 01 05 17 29 59
9 48 38 55 45 T 2015 01 05 17 29 59
9 49 9999 60 45 T 2015 01 05 17 29 15
9 50 9999 65 45 T 2015 01 05 17 29 15
9 51 9999 70 45 F -
9 52 9999 75 45 F -
9 53 9999 80 45 F -
9 54 9999 85 45 F -
9 55 9999 90 45 F -
9 56 9999 95 45 F -
9 57 9999 100 45 F -
9 58 9999 105 45 F -
9 59 9999 110 45 F -
9 60 9999 115 45 F -
9 61 9999 120 45 F -
9 62 9999 125 45 F -
9 63 9999 130 45 F -
9 64 9999 135 45 F -
9 65 9999 140 45 F -
9 66 9999 145 45 F -
9 67 9999 150 45 F -
9 68 9999 155 45 F -
9 69 9999 160 45 F -
9 70 9999 165 45 F -
9 71 9999 170 45 F -
9 72 9999 175 45 F -
10 1 9999 -180 40 F -
10 2 9999 -175 40 F -
10 3 9999 -170 40 F -
10 4 9999 -165 40 F -
10 5 9999 -160 40 F -
10 6 9999 -155 40 F -
10 7 9999 -150 40 F -
10 8 9999 -145 40 F -
10 9 9999 -140 40 F -
10 10 9999 -135 40 F -
10 11 9999 -130 40 F -
10 12 9999 -125 40 F -
10 13 9999 -120 40 F -
10 14 9999 -115 40 F -
10 15 9999 -110 40 F -
10 16 9999 -105 40 F -
10 17 9999 -100 40 F -
10 18 9999 -95 40 F -
10 19 9999 -90 40 F -
10 20 9999 -85 40 F -
10 21 9999 -80 40 F -
10 22 9999 -75 40 F -
10 23 9999 -70 40 F -
10 24 9999 -65 40 F -
10 25 9999 -60 40 F -
10 26 9999 -55 40 F -
10 27 162 -50 40 T 2015 01 05 17 27 02
10 28 208 -45 40 T 2015 01 05 17 27 02
10 29 185 -40 40 T 2015 01 05 17 27 14
10 30 185 -35 40 T 2015 01 05 17 27 14
10 31 162 -30 40 T 2015 01 05 17 28 55
10 32 0 -25 40 T 2015 01 05 17 29 39
10 33 177 -20 40 T 2015 01 05 17 26 54
10 34 169 -15 40 T 2015 01 05 17 28 23
10 35 154 -10 40 T 2015 01 05 17 28 23
10 36 300 -5 40 T 2015 01 05 17 28 23
10 37 146 0 40 T 2015 01 05 17 28 23
10 38 154 5 40 T 2015 01 05 17 28 23
10 39 500 10 40 T 2015 01 05 17 28 23
10 40 169 15 40 T 2015 01 05 17 28 23
10 41 54 20 40 T 2015 01 05 17 26 50
10 42 770 25 40 T 2015 01 05 17 26 50
10 43 38 30 40 T 2015 01 05 17 28 51
10 44 31 35 40 T 2015 01 05 17 29 59
10 45 46 40 40 T 2015 01 05 17 29 59
10 46 115 45 40 T 2015 01 05 17 29 59
10 47 38 50 40 T 2015 01 05 17 29 59
10 48 46 55 40 T 2015 01 05 17 29 59
10 49 9999 60 40 T 2015 01 05 17 29 15
10 50 9999 65 40 T 2015 01 05 17 29 15
10 51 9999 70 40 F -
10 52 9999 75 40 F -
10 53 9999 80 40 F -
10 54 9999 85 40 F -
10 55 9999 90 40 F -
10 56 9999 95 40 F -
10 57 9999 100 40 F -
10 58 9999 105 40 F -
10 59 9999 110 40 F -
10 60 9999 115 40 F -
10 61 9999 120 40 F -
10 62 9999 125 40 F -
10 63 9999 130 40 F -
10 64 9999 135 40 F -
10 65 9999 140 40 F -
10 66 9999 145 40 F -
10 67 9999 150 40 F -
10 68 9999 155 40 F -
10 69 9999 160 40 F -
10 70 9999 165 40 F -
10 71 9999 170 40 F -
10 72 9999 175 40 F -
11 1 9999 -180 35 F -
11 2 9999 -175 35 F -
11 3 9999 -170 35 F -
11 4 9999 -165 35 F -
11 5 9999 -160 35 F -
11 6 9999 -155 35 F -
11 7 9999 -150 35 F -
11 8 9999 -145 35 F -
11 9 9999 -140 35 F -
11 10 9999 -135 35 F -
11 11 9999 -130 35 F -
11 12 9999 -125 35 F -
11 13 9999 -120 35 F -
11 14 9999 -115 35 F -
11 15 9999 -110 35 F -
11 16 9999 -105 35 F -
11 17 9999 -100 35 F -
11 18 9999 -95 35 F -
11 19 9999 -90 35 F -
11 20 9999 -85 35 F -
11 21 9999 -80 35 F -
11 22 9999 -75 35 F -
11 23 9999 -70 35 F -
11 24 9999 -65 35 F -
11 25 9999 -60 35 F -
11 26 9999 -55 35 F -
11 27 231 -50 35 T 2015 01 05 17 27 02
11 28 208 -45 35 T 2015 01 05 17 27 02
11 29 208 -40 35 T 2015 01 05 17 27 14
11 30 216 -35 35 T 2015 01 05 17 27 14
11 31 169 -30 35 T 2015 01 05 17 28 55
11 32 262 -25 35 T 2015 01 05 17 28 55
11 33 169 -20 35 T 2015 01 05 17 26 54
11 34 162 -15 35 T 2015 01 05 17 28 23
11 35 139 -10 35 T 2015 01 05 17 28 23
11 36 500 -5 35 T 2015 01 05 17 28 23
11 37 169 0 35 T 2015 01 05 17 28 23
11 38 139 5 35 T 2015 01 05 17 28 23
11 39 208 10 35 T 2015 01 05 17 28 23
11 40 162 15 35 T 2015 01 05 17 28 23
11 41 85 20 35 T 2015 01 05 17 26 50
11 42 62 25 35 T 2015 01 05 17 26 50
11 43 38 30 35 T 2015 01 05 17 28 51
11 44 46 35 35 T 2015 01 05 17 29 59
11 45 46 40 35 T 2015 01 05 17 29 59
11 46 200 45 35 T 2015 01 05 17 29 59
11 47 46 50 35 T 2015 01 05 17 29 59
11 48 77 55 35 T 2015 01 05 17 29 59
11 49 9999 60 35 T 2015 01 05 17 29 15
11 50 9999 65 35 T 2015 01 05 17 29 15
11 51 9999 70 35 F -
11 52 9999 75 35 F -
11 53 9999 80 35 F -
11 54 9999 85 35 F -
11 55 9999 90 35 F -
11 56 9999 95 35 F -
11 57 9999 100 35 F -
11 58 9999 105 35 F -
11 59 9999 110 35 F -
11 60 9999 115 35 F -
11 61 9999 120 35 F -
11 62 9999 125 35 F -
11 63 9999 130 35 F -
11 64 9999 135 35 F -
11 65 9999 140 35 F -
11 66 9999 145 35 F -
11 67 9999 150 35 F -
11 68 9999 155 35 F -
11 69 9999 160 35 F -
11 70 9999 165 35 F -
11 71 9999 170 35 F -
11 72 9999 175 35 F -
12 1 9999 -180 30 F -
12 2 9999 -175 30 F -
12 3 9999 -170 30 F -
12 4 9999 -165 30 F -
12 5 9999 -160 30 F -
12 6 9999 -155 30 F -
12 7 9999 -150 30 F -
12 8 9999 -145 30 F -
12 9 9999 -140 30 F -
12 10 9999 -135 30 F -
12 11 9999 -130 30 F -
12 12 9999 -125 30 F -
12 13 9999 -120 30 F -
12 14 9999 -115 30 F -
12 15 9999 -110 30 F -
12 16 9999 -105 30 F -
12 17 9999 -100 30 F -
12 18 9999 -95 30 F -
12 19 9999 -90 30 F -
12 20 9999 -85 30 F -
12 21 9999 -80 30 F -
12 22 9999 -75 30 F -
12 23 9999 -70 30 F -
12 24 9999 -65 30 F -
12 25 9999 -60 30 F -
12 26 9999 -55 30 F -
12 27 9999 -50 30 F -
12 28 9999 -45 30 T 2015 01 05 17 27 02
12 29 231 -40 30 T 2015 01 05 17 27 14
12 30 231 -35 30 T 2015 01 05 17 27 14
12 31 208 -30 30 T 2015 01 05 17 28 55
12 32 508 -25 30 T 2015 01 05 17 28 55
12 33 177 -20 30 T 2015 01 05 17 26 54
12 34 631 -15 30 T 2015 01 05 17 26 54
12 35 146 -10 30 T 2015 01 05 17 28 23
12 36 123 -5 30 T 2015 01 05 17 28 23
12 37 162 0 30 T 2015 01 05 17 28 23
12 38 146 5 30 T 2015 01 05 17 28 23
12 39 62 10 30 T 2015 01 05 17 28 23
12 40 154 15 30 T 2015 01 05 17 28 23
12 41 123 20 30 T 2015 01 05 17 26 50
12 42 100 25 30 T 2015 01 05 17 26 50
12 43 54 30 30 T 2015 01 05 17 28 51
12 44 38 35 30 T 2015 01 05 17 29 59
12 45 38 40 30 T 2015 01 05 17 29 59
12 46 331 45 30 T 2015 01 05 17 29 59
12 47 69 50 30 T 2015 01 05 17 29 59
12 48 115 55 30 T 2015 01 05 17 29 59
12 49 9999 60 30 T 2015 01 05 17 29 15
12 50 9999 65 30 F -
12 51 9999 70 30 F -
12 52 9999 75 30 F -
12 53 9999 80 30 F -
12 54 9999 85 30 F -
12 55 9999 90 30 F -
12 56 9999 95 30 F -
12 57 9999 100 30 F -
12 58 9999 105 30 F -
12 59 9999 110 30 F -
12 60 9999 115 30 F -
12 61 9999 120 30 F -
12 62 9999 125 30 F -
12 63 9999 130 30 F -
12 64 9999 135 30 F -
12 65 9999 140 30 F -
12 66 9999 145 30 F -
12 67 9999 150 30 F -
12 68 9999 155 30 F -
12 69 9999 160 30 F -
12 70 9999 165 30 F -
12 71 9999 170 30 F -
12 72 9999 175 30 F -
13 1 9999 -180 25 F -
13 2 9999 -175 25 F -
13 3 9999 -170 25 F -
13 4 9999 -165 25 F -
13 5 9999 -160 25 F -
13 6 9999 -155 25 F -
13 7 9999 -150 25 F -
13 8 9999 -145 25 F -
13 9 9999 -140 25 F -
13 10 9999 -135 25 F -
13 11 9999 -130 25 F -
13 12 9999 -125 25 F -
13 13 9999 -120 25 F -
13 14 9999 -115 25 F -
13 15 9999 -110 25 F -
13 16 9999 -105 25 F -
13 17 9999 -100 25 F -
13 18 9999 -95 25 F -
13 19 9999 -90 25 F -
13 20 9999 -85 25 F -
13 21 9999 -80 25 F -
13 22 9999 -75 25 F -
13 23 9999 -70 25 F -
13 24 9999 -65 25 F -
13 25 9999 -60 25 F -
13 26 9999 -55 25 F -
13 27 9999 -50 25 F -
13 28 9999 -45 25 T 2015 01 05 17 27 02
13 29 277 -40 25 T 2015 01 05 17 27 02
13 30 246 -35 25 T 2015 01 05 17 27 14
13 31 223 -30 25 T 2015 01 05 17 28 55
13 32 277 -25 25 T 2015 01 05 17 28 55
13 33 285 -20 25 T 2015 01 05 17 26 54
13 34 331 -15 25 T 2015 01 05 17 26 54
13 35 185 -10 25 T 2015 01 05 17 28 23
13 36 139 -5 25 T 2015 01 05 17 28 23
13 37 154 0 25 T 2015 01 05 17 28 23
13 38 185 5 25 T 2015 01 05 17 28 23
13 39 77 10 25 T 2015 01 05 17 28 23
13 40 139 15 25 T 2015 01 05 17 28 23
13 41 139 20 25 T 2015 01 05 17 26 50
13 42 123 25 25 T 2015 01 05 17 26 50
13 43 85 30 25 T 2015 01 05 17 28 51
13 44 38 35 25 T 2015 01 05 17 28 51
13 45 46 40 25 T 2015 01 05 17 29 59
13 46 115 45 25 T 2015 01 05 17 29 59
13 47 46 50 25 T 2015 01 05 17 29 59
13 48 200 55 25 T 2015 01 05 17 29 59
13 49 9999 60 25 T 2015 01 05 17 29 15
13 50 9999 65 25 F -
13 51 9999 70 25 F -
13 52 9999 75 25 F -
13 53 9999 80 25 F -
13 54 9999 85 25 F -
13 55 9999 90 25 F -
13 56 9999 95 25 F -
13 57 9999 100 25 F -
13 58 9999 105 25 F -
13 59 9999 110 25 F -
13 60 9999 115 25 F -
13 61 9999 120 25 F -
13 62 9999 125 25 F -
13 63 9999 130 25 F -
13 64 9999 135 25 F -
13 65 9999 140 25 F -
13 66 9999 145 25 F -
13 67 9999 150 25 F -
13 68 9999 155 25 F -
13 69 9999 160 25 F -
13 70 9999 165 25 F -
13 71 9999 170 25 F -
13 72 9999 175 25 F -
14 1 9999 -180 20 F -
14 2 9999 -175 20 F -
14 3 9999 -170 20 F -
14 4 9999 -165 20 F -
14 5 9999 -160 20 F -
14 6 9999 -155 20 F -
14 7 9999 -150 20 F -
14 8 9999 -145 20 F -
14 9 9999 -140 20 F -
14 10 9999 -135 20 F -
14 11 9999 -130 20 F -
14 12 9999 -125 20 F -
14 13 9999 -120 20 F -
14 14 9999 -115 20 F -
14 15 9999 -110 20 F -
14 16 9999 -105 20 F -
14 17 9999 -100 20 F -
14 18 9999 -95 20 F -
14 19 9999 -90 20 F -
14 20 9999 -85 20 F -
14 21 9999 -80 20 F -
14 22 9999 -75 20 F -
14 23 9999 -70 20 F -
14 24 9999 -65 20 F -
14 25 9999 -60 20 F -
14 26 9999 -55 20 F -
14 27 9999 -50 20 F -
14 28 9999 -45 20 F -
14 29 9999 -40 20 T 2015 01 05 17 27 02
14 30 331 -35 20 T 2015 01 05 17 27 14
14 31 231 -30 20 T 2015 01 05 17 28 55
14 32 200 -25 20 T 2015 01 05 17 28 55
14 33 562 -20 20 T 2015 01 05 17 26 54
14 34 547 -15 20 T 2015 01 05 17 26 54
14 35 300 -10 20 T 2015 01 05 17 28 23
14 36 185 -5 20 T 2015 01 05 17 28 23
14 37 139 0 20 T 2015 01 05 17 28 23
14 38 300 5 20 T 2015 01 05 17 28 23
14 39 146 10 20 T 2015 01 05 17 28 23
14 40 154 15 20 T 2015 01 05 17 28 23
14 41 162 20 20 T 2015 01 05 17 26 50
14 42 185 25 20 T 2015 01 05 17 26 50
14 43 115 30 20 T 2015 01 05 17 28 51
14 44 38 35 20 T 2015 01 05 17 28 51
14 45 77 40 20 T 2015 01 05 17 29 59
14 46 31 45 20 T 2015 01 05 17 29 59
14 47 46 50 20 T 2015 01 05 17 29 59
14 48 331 55 20 T 2015 01 05 17 29 59
14 49 9999 60 20 F -
14 50 9999 65 20 F -
14 51 9999 70 20 F -
14 52 9999 75 20 F -
14 53 9999 80 20 F -
14 54 9999 85 20 F -
14 55 9999 90 20 F -
14 56 9999 95 20 F -
14 57 9999 100 20 F -
14 58 9999 105 20 F -
14 59 9999 110 20 F -
14 60 9999 115 20 F -
14 61 9999 120 20 F -
14 62 9999 125 20 F -
14 63 9999 130 20 F -
14 64 9999 135 20 F -
14 65 9999 140 20 F -
14 66 9999 145 20 F -
14 67 9999 150 20 F -
14 68 9999 155 20 F -
14 69 9999 160 20 F -
14 70 9999 165 20 F -
14 71 9999 170 20 F -
14 72 9999 175 20 F -
15 1 9999 -180 15 F -
15 2 9999 -175 15 F -
15 3 9999 -170 15 F -
15 4 9999 -165 15 F -
15 5 9999 -160 15 F -
15 6 9999 -155 15 F -
15 7 9999 -150 15 F -
15 8 9999 -145 15 F -
15 9 9999 -140 15 F -
15 10 9999 -135 15 F -
15 11 9999 -130 15 F -
15 12 9999 -125 15 F -
15 13 9999 -120 15 F -
15 14 9999 -115 15 F -
15 15 9999 -110 15 F -
15 16 9999 -105 15 F -
15 17 9999 -100 15 F -
15 18 9999 -95 15 F -
15 19 9999 -90 15 F -
15 20 9999 -85 15 F -
15 21 9999 -80 15 F -
15 22 9999 -75 15 F -
15 23 9999 -70 15 F -
15 24 9999 -65 15 F -
15 25 9999 -60 15 F -
15 26 9999 -55 15 F -
15 27 9999 -50 15 F -
15 28 9999 -45 15 F -
15 29 9999 -40 15 F -
15 30 46 -35 15 T 2015 01 05 17 27 14
15 31 262 -30 15 T 2015 01 05 17 28 55
15 32 277 -25 15 T 2015 01 05 17 28 55
15 33 677 -20 15 T 2015 01 05 17 26 54
15 34 708 -15 15 T 2015 01 05 17 26 54
15 35 500 -10 15 T 2015 01 05 17 28 23
15 36 146 -5 15 T 2015 01 05 17 28 23
15 37 154 0 15 T 2015 01 05 17 28 23
15 38 500 5 15 T 2015 01 05 17 28 23
15 39 169 10 15 T 2015 01 05 17 28 23
15 40 139 15 15 T 2015 01 05 17 28 23
15 41 770 20 15 T 2015 01 05 17 26 50
15 42 285 25 15 T 2015 01 05 17 26 50
15 43 177 30 15 T 2015 01 05 17 28 51
15 44 169 35 15 T 2015 01 05 17 28 51
15 45 115 40 15 T 2015 01 05 17 29 59
15 46 46 45 15 T 2015 01 05 17 29 59
15 47 9999 50 15 F -
15 48 9999 55 15 F -
15 49 9999 60 15 F -
15 50 9999 65 15 F -
15 51 9999 70 15 F -
15 52 9999 75 15 F -
15 53 9999 80 15 F -
15 54 9999 85 15 F -
15 55 9999 90 15 F -
15 56 9999 95 15 F -
15 57 9999 100 15 F -
15 58 9999 105 15 F -
15 59 9999 110 15 F -
15 60 9999 115 15 F -
15 61 9999 120 15 F -
15 62 9999 125 15 F -
15 63 9999 130 15 F -
15 64 9999 135 15 F -
15 65 9999 140 15 F -
15 66 9999 145 15 F -
15 67 9999 150 15 F -
15 68 9999 155 15 F -
15 69 9999 160 15 F -
15 70 9999 165 15 F -
15 71 9999 170 15 F -
15 72 9999 175 15 F -
16 1 9999 -180 10 F -
16 2 9999 -175 10 F -
16 3 9999 -170 10 F -
16 4 9999 -165 10 F -
16 5 9999 -160 10 F -
16 6 9999 -155 10 F -
16 7 9999 -150 10 F -
16 8 9999 -145 10 F -
16 9 9999 -140 10 F -
16 10 9999 -135 10 F -
16 11 9999 -130 10 F -
16 12 9999 -125 10 F -
16 13 9999 -120 10 F -
16 14 9999 -115 10 F -
16 15 9999 -110 10 F -
16 16 9999 -105 10 F -
16 17 9999 -100 10 F -
16 18 9999 -95 10 F -
16 19 9999 -90 10 F -
16 20 9999 -85 10 F -
16 21 9999 -80 10 F -
16 22 9999 -75 10 F -
16 23 9999 -70 10 F -
16 24 9999 -65 10 F -
16 25 9999 -60 10 F -
16 26 9999 -55 10 F -
16 27 9999 -50 10 F -
16 28 9999 -45 10 F -
16 29 9999 -40 10 F -
16 30 9999 -35 10 F -
16 31 9999 -30 10 F -
16 32 547 -25 10 T 2015 01 05 17 28 55
16 33 631 -20 10 T 2015 01 05 17 26 54
16 34 577 -15 10 T 2015 01 05 17 26 54
16 35 177 -10 10 T 2015 01 05 17 28 23
16 36 169 -5 10 T 2015 01 05 17 28 23
16 37 9999 0 10 F -
16 38 9999 5 10 F -
16 39 9999 10 10 F -
16 40 9999 15 10 F -
16 41 9999 20 10 F -
16 42 9999 25 10 F -
16 43 9999 30 10 F -
16 44 9999 35 10 F -
16 45 9999 40 10 F -
16 46 9999 45 10 F -
16 47 9999 50 10 F -
16 48 9999 55 10 F -
16 49 9999 60 10 F -
16 50 9999 65 10 F -
16 51 9999 70 10 F -
16 52 9999 75 10 F -
16 53 9999 80 10 F -
16 54 9999 85 10 F -
16 55 9999 90 10 F -
16 56 9999 95 10 F -
16 57 9999 100 10 F -
16 58 9999 105 10 F -
16 59 9999 110 10 F -
16 60 9999 115 10 F -
16 61 9999 120 10 F -
16 62 9999 125 10 F -
16 63 9999 130 10 F -
16 64 9999 135 10 F -
16 65 9999 140 10 F -
16 66 9999 145 10 F -
16 67 9999 150 10 F -
16 68 9999 155 10 F -
16 69 9999 160 10 F -
16 70 9999 165 10 F -
16 71 9999 170 10 F -
16 72 9999 175 10 F -
17 1 9999 -180 5 F -
17 2 9999 -175 5 F -
17 3 9999 -170 5 F -
17 4 9999 -165 5 F -
17 5 9999 -160 5 F -
17 6 9999 -155 5 F -
17 7 9999 -150 5 F -
17 8 9999 -145 5 F -
17 9 9999 -140 5 F -
17 10 9999 -135 5 F -
17 11 9999 -130 5 F -
17 12 9999 -125 5 F -
17 13 9999 -120 5 F -
17 14 9999 -115 5 F -
17 15 9999 -110 5 F -
17 16 9999 -105 5 F -
17 17 9999 -100 5 F -
17 18 9999 -95 5 F -
17 19 9999 -90 5 F -
17 20 9999 -85 5 F -
17 21 9999 -80 5 F -
17 22 9999 -75 5 F -
17 23 9999 -70 5 F -
17 24 9999 -65 5 F -
17 25 9999 -60 5 F -
17 26 9999 -55 5 F -
17 27 9999 -50 5 F -
17 28 9999 -45 5 F -
17 29 9999 -40 5 F -
17 30 9999 -35 5 F -
17 31 9999 -30 5 F -
17 32 9999 -25 5 F -
17 33 9999 -20 5 F -
17 34 9999 -15 5 F -
17 35 9999 -10 5 F -
17 36 9999 -5 5 F -
17 37 9999 0 5 F -
17 38 9999 5 5 F -
17 39 9999 10 5 F -
17 40 9999 15 5 F -
17 41 9999 20 5 F -
17 42 9999 25 5 F -
17 43 9999 30 5 F -
17 44 9999 35 5 F -
17 45 9999 40 5 F -
17 46 9999 45 5 F -
17 47 9999 50 5 F -
17 48 9999 55 5 F -
17 49 9999 60 5 F -
17 50 9999 65 5 F -
17 51 9999 70 5 F -
17 52 9999 75 5 F -
17 53 9999 80 5 F -
17 54 9999 85 5 F -
17 55 9999 90 5 F -
17 56 9999 95 5 F -
17 57 9999 100 5 F -
17 58 9999 105 5 F -
17 59 9999 110 5 F -
17 60 9999 115 5 F -
17 61 9999 120 5 F -
17 62 9999 125 5 F -
17 63 9999 130 5 F -
17 64 9999 135 5 F -
17 65 9999 140 5 F -
17 66 9999 145 5 F -
17 67 9999 150 5 F -
17 68 9999 155 5 F -
17 69 9999 160 5 F -
17 70 9999 165 5 F -
17 71 9999 170 5 F -
17 72 9999 175 5 F -
18 1 9999 -180 0 F -
18 2 9999 -175 0 F -
18 3 9999 -170 0 F -
18 4 9999 -165 0 F -
18 5 9999 -160 0 F -
18 6 9999 -155 0 F -
18 7 9999 -150 0 F -
18 8 9999 -145 0 F -
18 9 9999 -140 0 F -
18 10 9999 -135 0 F -
18 11 9999 -130 0 F -
18 12 9999 -125 0 F -
18 13 9999 -120 0 F -
18 14 9999 -115 0 F -
18 15 9999 -110 0 F -
18 16 9999 -105 0 F -
18 17 9999 -100 0 F -
18 18 9999 -95 0 F -
18 19 9999 -90 0 F -
18 20 9999 -85 0 F -
18 21 9999 -80 0 F -
18 22 9999 -75 0 F -
18 23 9999 -70 0 F -
18 24 9999 -65 0 F -
18 25 9999 -60 0 F -
18 26 9999 -55 0 F -
18 27 9999 -50 0 F -
18 28 9999 -45 0 F -
18 29 9999 -40 0 F -
18 30 9999 -35 0 F -
18 31 9999 -30 0 F -
18 32 9999 -25 0 F -
18 33 9999 -20 0 F -
18 34 9999 -15 0 F -
18 35 9999 -10 0 F -
18 36 9999 -5 0 F -
18 37 9999 0 0 F -
18 38 9999 5 0 F -
18 39 9999 10 0 F -
18 40 9999 15 0 F -
18 41 9999 20 0 F -
18 42 9999 25 0 F -
18 43 9999 30 0 F -
18 44 9999 35 0 F -
18 45 9999 40 0 F -
18 46 9999 45 0 F -
18 47 9999 50 0 F -
18 48 9999 55 0 F -
18 49 9999 60 0 F -
18 50 9999 65 0 F -
18 51 9999 70 0 F -
18 52 9999 75 0 F -
18 53 9999 80 0 F -
18 54 9999 85 0 F -
18 55 9999 90 0 F -
18 56 9999 95 0 F -
18 57 9999 100 0 F -
18 58 9999 105 0 F -
18 59 9999 110 0 F -
18 60 9999 115 0 F -
18 61 9999 120 0 F -
18 62 9999 125 0 F -
18 63 9999 130 0 F -
18 64 9999 135 0 F -
18 65 9999 140 0 F -
18 66 9999 145 0 F -
18 67 9999 150 0 F -
18 68 9999 155 0 F -
18 69 9999 160 0 F -
18 70 9999 165 0 F -
18 71 9999 170 0 F -
18 72 9999 175 0 F -
19 1 9999 -180 -5 F -
19 2 9999 -175 -5 F -
19 3 9999 -170 -5 F -
19 4 9999 -165 -5 F -
19 5 9999 -160 -5 F -
19 6 9999 -155 -5 F -
19 7 9999 -150 -5 F -
19 8 9999 -145 -5 F -
19 9 9999 -140 -5 F -
19 10 9999 -135 -5 F -
19 11 9999 -130 -5 F -
19 12 9999 -125 -5 F -
19 13 9999 -120 -5 F -
19 14 9999 -115 -5 F -
19 15 9999 -110 -5 F -
19 16 9999 -105 -5 F -
19 17 9999 -100 -5 F -
19 18 9999 -95 -5 F -
19 19 9999 -90 -5 F -
19 20 9999 -85 -5 F -
19 21 9999 -80 -5 F -
19 22 9999 -75 -5 F -
19 23 9999 -70 -5 F -
19 24 9999 -65 -5 F -
19 25 9999 -60 -5 F -
19 26 9999 -55 -5 F -
19 27 9999 -50 -5 F -
19 28 9999 -45 -5 F -
19 29 9999 -40 -5 F -
19 30 9999 -35 -5 F -
19 31 9999 -30 -5 F -
19 32 9999 -25 -5 F -
19 33 9999 -20 -5 F -
19 34 9999 -15 -5 F -
19 35 9999 -10 -5 F -
19 36 9999 -5 -5 F -
19 37 9999 0 -5 F -
19 38 9999 5 -5 F -
19 39 9999 10 -5 F -
19 40 9999 15 -5 F -
19 41 9999 20 -5 F -
19 42 9999 25 -5 F -
19 43 9999 30 -5 F -
19 44 9999 35 -5 F -
19 45 9999 40 -5 F -
19 46 9999 45 -5 F -
19 47 9999 50 -5 F -
19 48 9999 55 -5 F -
19 49 9999 60 -5 F -
19 50 9999 65 -5 F -
19 51 9999 70 -5 F -
19 52 9999 75 -5 F -
19 53 9999 80 -5 F -
19 54 9999 85 -5 F -
19 55 9999 90 -5 F -
19 56 9999 95 -5 F -
19 57 9999 100 -5 F -
19 58 9999 105 -5 F -
19 59 9999 110 -5 F -
19 60 9999 115 -5 F -
19 61 9999 120 -5 F -
19 62 9999 125 -5 F -
19 63 9999 130 -5 F -
19 64 9999 135 -5 F -
19 65 9999 140 -5 F -
19 66 9999 145 -5 F -
19 67 9999 150 -5 F -
19 68 9999 155 -5 F -
19 69 9999 160 -5 F -
19 70 9999 165 -5 F -
19 71 9999 170 -5 F -
19 72 9999 175 -5 F -
20 1 9999 -180 -10 F -
20 2 9999 -175 -10 F -
20 3 9999 -170 -10 F -
20 4 9999 -165 -10 F -
20 5 9999 -160 -10 F -
20 6 9999 -155 -10 F -
20 7 9999 -150 -10 F -
20 8 9999 -145 -10 F -
20 9 9999 -140 -10 F -
20 10 9999 -135 -10 F -
20 11 9999 -130 -10 F -
20 12 9999 -125 -10 F -
20 13 9999 -120 -10 F -
20 14 9999 -115 -10 F -
20 15 9999 -110 -10 F -
20 16 9999 -105 -10 F -
20 17 9999 -100 -10 F -
20 18 9999 -95 -10 F -
20 19 9999 -90 -10 F -
20 20 9999 -85 -10 F -
20 21 9999 -80 -10 F -
20 22 9999 -75 -10 F -
20 23 9999 -70 -10 F -
20 24 9999 -65 -10 F -
20 25 9999 -60 -10 F -
20 26 9999 -55 -10 F -
20 27 9999 -50 -10 F -
20 28 9999 -45 -10 F -
20 29 9999 -40 -10 F -
20 30 9999 -35 -10 F -
20 31 9999 -30 -10 F -
20 32 9999 -25 -10 F -
20 33 9999 -20 -10 F -
20 34 9999 -15 -10 F -
20 35 9999 -10 -10 F -
20 36 9999 -5 -10 F -
20 37 9999 0 -10 F -
20 38 9999 5 -10 F -
20 39 9999 10 -10 F -
20 40 9999 15 -10 F -
20 41 9999 20 -10 F -
20 42 9999 25 -10 F -
20 43 9999 30 -10 F -
20 44 9999 35 -10 F -
20 45 9999 40 -10 F -
20 46 9999 45 -10 F -
20 47 9999 50 -10 F -
20 48 9999 55 -10 F -
20 49 9999 60 -10 F -
20 50 9999 65 -10 F -
20 51 9999 70 -10 F -
20 52 9999 75 -10 F -
20 53 9999 80 -10 F -
20 54 9999 85 -10 F -
20 55 9999 90 -10 F -
20 56 9999 95 -10 F -
20 57 9999 100 -10 F -
20 58 9999 105 -10 F -
20 59 9999 110 -10 F -
20 60 9999 115 -10 F -
20 61 9999 120 -10 F -
20 62 9999 125 -10 F -
20 63 9999 130 -10 F -
20 64 9999 135 -10 F -
20 65 9999 140 -10 F -
20 66 9999 145 -10 F -
20 67 9999 150 -10 F -
20 68 9999 155 -10 F -
20 69 9999 160 -10 F -
20 70 9999 165 -10 F -
20 71 9999 170 -10 F -
20 72 9999 175 -10 F -
21 1 9999 -180 -15 F -
21 2 9999 -175 -15 F -
21 3 9999 -170 -15 F -
21 4 9999 -165 -15 F -
21 5 9999 -160 -15 F -
21 6 9999 -155 -15 F -
21 7 9999 -150 -15 F -
21 8 9999 -145 -15 F -
21 9 9999 -140 -15 F -
21 10 9999 -135 -15 F -
21 11 9999 -130 -15 F -
21 12 9999 -125 -15 F -
21 13 9999 -120 -15 F -
21 14 9999 -115 -15 F -
21 15 9999 -110 -15 F -
21 16 9999 -105 -15 F -
21 17 9999 -100 -15 F -
21 18 9999 -95 -15 F -
21 19 9999 -90 -15 F -
21 20 9999 -85 -15 F -
21 21 9999 -80 -15 F -
21 22 9999 -75 -15 F -
21 23 9999 -70 -15 F -
21 24 9999 -65 -15 F -
21 25 9999 -60 -15 F -
21 26 9999 -55 -15 F -
21 27 9999 -50 -15 F -
21 28 9999 -45 -15 F -
21 29 9999 -40 -15 F -
21 30 9999 -35 -15 F -
21 31 9999 -30 -15 F -
21 32 9999 -25 -15 F -
21 33 9999 -20 -15 F -
21 34 9999 -15 -15 F -
21 35 9999 -10 -15 F -
21 36 9999 -5 -15 F -
21 37 9999 0 -15 F -
21 38 9999 5 -15 F -
21 39 9999 10 -15 F -
21 40 9999 15 -15 F -
21 41 9999 20 -15 F -
21 42 9999 25 -15 F -
21 43 9999 30 -15 F -
21 44 9999 35 -15 F -
21 45 9999 40 -15 F -
21 46 9999 45 -15 F -
21 47 9999 50 -15 F -
21 48 9999 55 -15 F -
21 49 9999 60 -15 F -
21 50 9999 65 -15 F -
21 51 9999 70 -15 F -
21 52 9999 75 -15 F -
21 53 9999 80 -15 F -
21 54 9999 85 -15 F -
21 55 9999 90 -15 F -
21 56 9999 95 -15 F -
21 57 9999 100 -15 F -
21 58 9999 105 -15 F -
21 59 9999 110 -15 F -
21 60 9999 115 -15 F -
21 61 9999 120 -15 F -
21 62 9999 125 -15 F -
21 63 9999 130 -15 F -
21 64 9999 135 -15 F -
21 65 9999 140 -15 F -
21 66 9999 145 -15 F -
21 67 9999 150 -15 F -
21 68 9999 155 -15 F -
21 69 9999 160 -15 F -
21 70 9999 165 -15 F -
21 71 9999 170 -15 F -
21 72 9999 175 -15 F -
22 1 9999 -180 -20 F -
22 2 9999 -175 -20 F -
22 3 9999 -170 -20 F -
22 4 9999 -165 -20 F -
22 5 9999 -160 -20 F -
22 6 9999 -155 -20 F -
22 7 9999 -150 -20 F -
22 8 9999 -145 -20 F -
22 9 9999 -140 -20 F -
22 10 9999 -135 -20 F -
22 11 9999 -130 -20 F -
22 12 9999 -125 -20 F -
22 13 9999 -120 -20 F -
22 14 9999 -115 -20 F -
22 15 9999 -110 -20 F -
22 16 9999 -105 -20 F -
22 17 9999 -100 -20 F -
22 18 9999 -95 -20 F -
22 19 9999 -90 -20 F -
22 20 9999 -85 -20 F -
22 21 9999 -80 -20 F -
22 22 9999 -75 -20 F -
22 23 9999 -70 -20 F -
22 24 9999 -65 -20 F -
22 25 9999 -60 -20 F -
22 26 9999 -55 -20 F -
22 27 9999 -50 -20 F -
22 28 9999 -45 -20 F -
22 29 9999 -40 -20 F -
22 30 9999 -35 -20 F -
22 31 9999 -30 -20 F -
22 32 9999 -25 -20 F -
22 33 9999 -20 -20 F -
22 34 9999 -15 -20 F -
22 35 9999 -10 -20 F -
22 36 9999 -5 -20 F -
22 37 9999 0 -20 F -
22 38 9999 5 -20 F -
22 39 9999 10 -20 F -
22 40 9999 15 -20 F -
22 41 9999 20 -20 F -
22 42 9999 25 -20 F -
22 43 9999 30 -20 F -
22 44 9999 35 -20 F -
22 45 9999 40 -20 F -
22 46 9999 45 -20 F -
22 47 9999 50 -20 F -
22 48 9999 55 -20 F -
22 49 9999 60 -20 F -
22 50 9999 65 -20 F -
22 51 9999 70 -20 F -
22 52 9999 75 -20 F -
22 53 9999 80 -20 F -
22 54 9999 85 -20 F -
22 55 9999 90 -20 F -
22 56 9999 95 -20 F -
22 57 9999 100 -20 F -
22 58 9999 105 -20 F -
22 59 9999 110 -20 F -
22 60 9999 115 -20 F -
22 61 9999 120 -20 F -
22 62 9999 125 -20 F -
22 63 9999 130 -20 F -
22 64 9999 135 -20 F -
22 65 9999 140 -20 F -
22 66 9999 145 -20 F -
22 67 9999 150 -20 F -
22 68 9999 155 -20 F -
22 69 9999 160 -20 F -
22 70 9999 165 -20 F -
22 71 9999 170 -20 F -
22 72 9999 175 -20 F -
23 1 9999 -180 -25 F -
23 2 9999 -175 -25 F -
23 3 9999 -170 -25 F -
23 4 9999 -165 -25 F -
23 5 9999 -160 -25 F -
23 6 9999 -155 -25 F -
23 7 9999 -150 -25 F -
23 8 9999 -145 -25 F -
23 9 9999 -140 -25 F -
23 10 9999 -135 -25 F -
23 11 9999 -130 -25 F -
23 12 9999 -125 -25 F -
23 13 9999 -120 -25 F -
23 14 9999 -115 -25 F -
23 15 9999 -110 -25 F -
23 16 9999 -105 -25 F -
23 17 9999 -100 -25 F -
23 18 9999 -95 -25 F -
23 19 9999 -90 -25 F -
23 20 9999 -85 -25 F -
23 21 9999 -80 -25 F -
23 22 9999 -75 -25 F -
23 23 9999 -70 -25 F -
23 24 9999 -65 -25 F -
23 25 9999 -60 -25 F -
23 26 9999 -55 -25 F -
23 27 9999 -50 -25 F -
23 28 9999 -45 -25 F -
23 29 9999 -40 -25 F -
23 30 9999 -35 -25 F -
23 31 9999 -30 -25 F -
23 32 9999 -25 -25 F -
23 33 9999 -20 -25 F -
23 34 9999 -15 -25 F -
23 35 9999 -10 -25 F -
23 36 9999 -5 -25 F -
23 37 9999 0 -25 F -
23 38 9999 5 -25 F -
23 39 9999 10 -25 F -
23 40 9999 15 -25 F -
23 41 9999 20 -25 F -
23 42 9999 25 -25 F -
23 43 9999 30 -25 F -
23 44 9999 35 -25 F -
23 45 9999 40 -25 F -
23 46 9999 45 -25 F -
23 47 9999 50 -25 F -
23 48 9999 55 -25 F -
23 49 9999 60 -25 F -
23 50 9999 65 -25 F -
23 51 9999 70 -25 F -
23 52 9999 75 -25 F -
23 53 9999 80 -25 F -
23 54 9999 85 -25 F -
23 55 9999 90 -25 F -
23 56 9999 95 -25 F -
23 57 9999 100 -25 F -
23 58 9999 105 -25 F -
23 59 9999 110 -25 F -
23 60 9999 115 -25 F -
23 61 9999 120 -25 F -
23 62 9999 125 -25 F -
23 63 9999 130 -25 F -
23 64 9999 135 -25 F -
23 65 9999 140 -25 F -
23 66 9999 145 -25 F -
23 67 9999 150 -25 F -
23 68 9999 155 -25 F -
23 69 9999 160 -25 F -
23 70 9999 165 -25 F -
23 71 9999 170 -25 F -
23 72 9999 175 -25 F -
24 1 9999 -180 -30 F -
24 2 9999 -175 -30 F -
24 3 9999 -170 -30 F -
24 4 9999 -165 -30 F -
24 5 9999 -160 -30 F -
24 6 9999 -155 -30 F -
24 7 9999 -150 -30 F -
24 8 9999 -145 -30 F -
24 9 9999 -140 -30 F -
24 10 9999 -135 -30 F -
24 11 9999 -130 -30 F -
24 12 9999 -125 -30 F -
24 13 9999 -120 -30 F -
24 14 9999 -115 -30 F -
24 15 9999 -110 -30 F -
24 16 9999 -105 -30 F -
24 17 9999 -100 -30 F -
24 18 9999 -95 -30 F -
24 19 9999 -90 -30 F -
24 20 9999 -85 -30 F -
24 21 9999 -80 -30 F -
24 22 9999 -75 -30 F -
24 23 9999 -70 -30 F -
24 24 9999 -65 -30 F -
24 25 9999 -60 -30 F -
24 26 9999 -55 -30 F -
24 27 9999 -50 -30 F -
24 28 9999 -45 -30 F -
24 29 9999 -40 -30 F -
24 30 9999 -35 -30 F -
24 31 9999 -30 -30 F -
24 32 9999 -25 -30 F -
24 33 9999 -20 -30 F -
24 34 9999 -15 -30 F -
24 35 9999 -10 -30 F -
24 36 9999 -5 -30 F -
24 37 9999 0 -30 F -
24 38 9999 5 -30 F -
24 39 9999 10 -30 F -
24 40 9999 15 -30 F -
24 41 9999 20 -30 F -
24 42 9999 25 -30 F -
24 43 9999 30 -30 F -
24 44 9999 35 -30 F -
24 45 9999 40 -30 F -
24 46 9999 45 -30 F -
24 47 9999 50 -30 F -
24 48 9999 55 -30 F -
24 49 9999 60 -30 F -
24 50 9999 65 -30 F -
24 51 9999 70 -30 F -
24 52 9999 75 -30 F -
24 53 9999 80 -30 F -
24 54 9999 85 -30 F -
24 55 9999 90 -30 F -
24 56 9999 95 -30 F -
24 57 9999 100 -30 F -
24 58 9999 105 -30 F -
24 59 9999 110 -30 F -
24 60 9999 115 -30 F -
24 61 9999 120 -30 F -
24 62 9999 125 -30 F -
24 63 9999 130 -30 F -
24 64 9999 135 -30 F -
24 65 9999 140 -30 F -
24 66 9999 145 -30 F -
24 67 9999 150 -30 F -
24 68 9999 155 -30 F -
24 69 9999 160 -30 F -
24 70 9999 165 -30 F -
24 71 9999 170 -30 F -
24 72 9999 175 -30 F -
25 1 9999 -180 -35 F -
25 2 9999 -175 -35 F -
25 3 9999 -170 -35 F -
25 4 9999 -165 -35 F -
25 5 9999 -160 -35 F -
25 6 9999 -155 -35 F -
25 7 9999 -150 -35 F -
25 8 9999 -145 -35 F -
25 9 9999 -140 -35 F -
25 10 9999 -135 -35 F -
25 11 9999 -130 -35 F -
25 12 9999 -125 -35 F -
25 13 9999 -120 -35 F -
25 14 9999 -115 -35 F -
25 15 9999 -110 -35 F -
25 16 9999 -105 -35 F -
25 17 9999 -100 -35 F -
25 18 9999 -95 -35 F -
25 19 9999 -90 -35 F -
25 20 9999 -85 -35 F -
25 21 9999 -80 -35 F -
25 22 9999 -75 -35 F -
25 23 9999 -70 -35 F -
25 24 9999 -65 -35 F -
25 25 9999 -60 -35 F -
25 26 9999 -55 -35 F -
25 27 9999 -50 -35 F -
25 28 9999 -45 -35 F -
25 29 9999 -40 -35 F -
25 30 9999 -35 -35 F -
25 31 9999 -30 -35 F -
25 32 9999 -25 -35 F -
25 33 9999 -20 -35 F -
25 34 9999 -15 -35 F -
25 35 9999 -10 -35 F -
25 36 9999 -5 -35 F -
25 37 9999 0 -35 F -
25 38 9999 5 -35 F -
25 39 9999 10 -35 F -
25 40 9999 15 -35 F -
25 41 9999 20 -35 F -
25 42 9999 25 -35 F -
25 43 9999 30 -35 F -
25 44 9999 35 -35 F -
25 45 9999 40 -35 F -
25 46 9999 45 -35 F -
25 47 9999 50 -35 F -
25 48 9999 55 -35 F -
25 49 9999 60 -35 F -
25 50 9999 65 -35 F -
25 51 9999 70 -35 F -
25 52 9999 75 -35 F -
25 53 9999 80 -35 F -
25 54 9999 85 -35 F -
25 55 9999 90 -35 F -
25 56 9999 95 -35 F -
25 57 9999 100 -35 F -
25 58 9999 105 -35 F -
25 59 9999 110 -35 F -
25 60 9999 115 -35 F -
25 61 9999 120 -35 F -
25 62 9999 125 -35 F -
25 63 9999 130 -35 F -
25 64 9999 135 -35 F -
25 65 9999 140 -35 F -
25 66 9999 145 -35 F -
25 67 9999 150 -35 F -
25 68 9999 155 -35 F -
25 69 9999 160 -35 F -
25 70 9999 165 -35 F -
25 71 9999 170 -35 F -
25 72 9999 175 -35 F -
26 1 9999 -180 -40 F -
26 2 9999 -175 -40 F -
26 3 9999 -170 -40 F -
26 4 9999 -165 -40 F -
26 5 9999 -160 -40 F -
26 6 9999 -155 -40 F -
26 7 9999 -150 -40 F -
26 8 9999 -145 -40 F -
26 9 9999 -140 -40 F -
26 10 9999 -135 -40 F -
26 11 9999 -130 -40 F -
26 12 9999 -125 -40 F -
26 13 9999 -120 -40 F -
26 14 9999 -115 -40 F -
26 15 9999 -110 -40 F -
26 16 9999 -105 -40 F -
26 17 9999 -100 -40 F -
26 18 9999 -95 -40 F -
26 19 9999 -90 -40 F -
26 20 9999 -85 -40 F -
26 21 9999 -80 -40 F -
26 22 9999 -75 -40 F -
26 23 9999 -70 -40 F -
26 24 9999 -65 -40 F -
26 25 9999 -60 -40 F -
26 26 9999 -55 -40 F -
26 27 9999 -50 -40 F -
26 28 9999 -45 -40 F -
26 29 9999 -40 -40 F -
26 30 9999 -35 -40 F -
26 31 9999 -30 -40 F -
26 32 9999 -25 -40 F -
26 33 9999 -20 -40 F -
26 34 9999 -15 -40 F -
26 35 9999 -10 -40 F -
26 36 9999 -5 -40 F -
26 37 9999 0 -40 F -
26 38 9999 5 -40 F -
26 39 9999 10 -40 F -
26 40 9999 15 -40 F -
26 41 9999 20 -40 F -
26 42 9999 25 -40 F -
26 43 9999 30 -40 F -
26 44 9999 35 -40 F -
26 45 9999 40 -40 F -
26 46 9999 45 -40 F -
26 47 9999 50 -40 F -
26 48 9999 55 -40 F -
26 49 9999 60 -40 F -
26 50 9999 65 -40 F -
26 51 9999 70 -40 F -
26 52 9999 75 -40 F -
26 53 9999 80 -40 F -
26 54 9999 85 -40 F -
26 55 9999 90 -40 F -
26 56 9999 95 -40 F -
26 57 9999 100 -40 F -
26 58 9999 105 -40 F -
26 59 9999 110 -40 F -
26 60 9999 115 -40 F -
26 61 9999 120 -40 F -
26 62 9999 125 -40 F -
26 63 9999 130 -40 F -
26 64 9999 135 -40 F -
26 65 9999 140 -40 F -
26 66 9999 145 -40 F -
26 67 9999 150 -40 F -
26 68 9999 155 -40 F -
26 69 9999 160 -40 F -
26 70 9999 165 -40 F -
26 71 9999 170 -40 F -
26 72 9999 175 -40 F -
27 1 9999 -180 -45 F -
27 2 9999 -175 -45 F -
27 3 9999 -170 -45 F -
27 4 9999 -165 -45 F -
27 5 9999 -160 -45 F -
27 6 9999 -155 -45 F -
27 7 9999 -150 -45 F -
27 8 9999 -145 -45 F -
27 9 9999 -140 -45 F -
27 10 9999 -135 -45 F -
27 11 9999 -130 -45 F -
27 12 9999 -125 -45 F -
27 13 9999 -120 -45 F -
27 14 9999 -115 -45 F -
27 15 9999 -110 -45 F -
27 16 9999 -105 -45 F -
27 17 9999 -100 -45 F -
27 18 9999 -95 -45 F -
27 19 9999 -90 -45 F -
27 20 9999 -85 -45 F -
27 21 9999 -80 -45 F -
27 22 9999 -75 -45 F -
27 23 9999 -70 -45 F -
27 24 9999 -65 -45 F -
27 25 9999 -60 -45 F -
27 26 9999 -55 -45 F -
27 27 9999 -50 -45 F -
27 28 9999 -45 -45 F -
27 29 9999 -40 -45 F -
27 30 9999 -35 -45 F -
27 31 9999 -30 -45 F -
27 32 9999 -25 -45 F -
27 33 9999 -20 -45 F -
27 34 9999 -15 -45 F -
27 35 9999 -10 -45 F -
27 36 9999 -5 -45 F -
27 37 9999 0 -45 F -
27 38 9999 5 -45 F -
27 39 9999 10 -45 F -
27 40 9999 15 -45 F -
27 41 9999 20 -45 F -
27 42 9999 25 -45 F -
27 43 9999 30 -45 F -
27 44 9999 35 -45 F -
27 45 9999 40 -45 F -
27 46 9999 45 -45 F -
27 47 9999 50 -45 F -
27 48 9999 55 -45 F -
27 49 9999 60 -45 F -
27 50 9999 65 -45 F -
27 51 9999 70 -45 F -
27 52 9999 75 -45 F -
27 53 9999 80 -45 F -
27 54 9999 85 -45 F -
27 55 9999 90 -45 F -
27 56 9999 95 -45 F -
27 57 9999 100 -45 F -
27 58 9999 105 -45 F -
27 59 9999 110 -45 F -
27 60 9999 115 -45 F -
27 61 9999 120 -45 F -
27 62 9999 125 -45 F -
27 63 9999 130 -45 F -
27 64 9999 135 -45 F -
27 65 9999 140 -45 F -
27 66 9999 145 -45 F -
27 67 9999 150 -45 F -
27 68 9999 155 -45 F -
27 69 9999 160 -45 F -
27 70 9999 165 -45 F -
27 71 9999 170 -45 F -
27 72 9999 175 -45 F -
28 1 9999 -180 -50 F -
28 2 9999 -175 -50 F -
28 3 9999 -170 -50 F -
28 4 9999 -165 -50 F -
28 5 9999 -160 -50 F -
28 6 9999 -155 -50 F -
28 7 9999 -150 -50 F -
28 8 9999 -145 -50 F -
28 9 9999 -140 -50 F -
28 10 9999 -135 -50 F -
28 11 9999 -130 -50 F -
28 12 9999 -125 -50 F -
28 13 9999 -120 -50 F -
28 14 9999 -115 -50 F -
28 15 9999 -110 -50 F -
28 16 9999 -105 -50 F -
28 17 9999 -100 -50 F -
28 18 9999 -95 -50 F -
28 19 9999 -90 -50 F -
28 20 9999 -85 -50 F -
28 21 9999 -80 -50 F -
28 22 9999 -75 -50 F -
28 23 9999 -70 -50 F -
28 24 9999 -65 -50 F -
28 25 9999 -60 -50 F -
28 26 9999 -55 -50 F -
28 27 9999 -50 -50 F -
28 28 9999 -45 -50 F -
28 29 9999 -40 -50 F -
28 30 9999 -35 -50 F -
28 31 9999 -30 -50 F -
28 32 9999 -25 -50 F -
28 33 9999 -20 -50 F -
28 34 9999 -15 -50 F -
28 35 9999 -10 -50 F -
28 36 9999 -5 -50 F -
28 37 9999 0 -50 F -
28 38 9999 5 -50 F -
28 39 9999 10 -50 F -
28 40 9999 15 -50 F -
28 41 9999 20 -50 F -
28 42 9999 25 -50 F -
28 43 9999 30 -50 F -
28 44 9999 35 -50 F -
28 45 9999 40 -50 F -
28 46 9999 45 -50 F -
28 47 9999 50 -50 F -
28 48 9999 55 -50 F -
28 49 9999 60 -50 F -
28 50 9999 65 -50 F -
28 51 9999 70 -50 F -
28 52 9999 75 -50 F -
28 53 9999 80 -50 F -
28 54 9999 85 -50 F -
28 55 9999 90 -50 F -
28 56 9999 95 -50 F -
28 57 9999 100 -50 F -
28 58 9999 105 -50 F -
28 59 9999 110 -50 F -
28 60 9999 115 -50 F -
28 61 9999 120 -50 F -
28 62 9999 125 -50 F -
28 63 9999 130 -50 F -
28 64 9999 135 -50 F -
28 65 9999 140 -50 F -
28 66 9999 145 -50 F -
28 67 9999 150 -50 F -
28 68 9999 155 -50 F -
28 69 9999 160 -50 F -
28 70 9999 165 -50 F -
28 71 9999 170 -50 F -
28 72 9999 175 -50 F -
29 1 9999 -180 -55 F -
29 2 9999 -175 -55 F -
29 3 9999 -170 -55 F -
29 4 9999 -165 -55 F -
29 5 9999 -160 -55 F -
29 6 9999 -155 -55 F -
29 7 9999 -150 -55 F -
29 8 9999 -145 -55 F -
29 9 9999 -140 -55 F -
29 10 9999 -135 -55 F -
29 11 9999 -130 -55 F -
29 12 9999 -125 -55 F -
29 13 9999 -120 -55 F -
29 14 9999 -115 -55 F -
29 15 9999 -110 -55 F -
29 16 9999 -105 -55 F -
29 17 9999 -100 -55 F -
29 18 9999 -95 -55 F -
29 19 9999 -90 -55 F -
29 20 9999 -85 -55 F -
29 21 9999 -80 -55 F -
29 22 9999 -75 -55 F -
29 23 9999 -70 -55 F -
29 24 9999 -65 -55 F -
29 25 9999 -60 -55 F -
29 26 9999 -55 -55 F -
29 27 9999 -50 -55 F -
29 28 9999 -45 -55 F -
29 29 9999 -40 -55 F -
29 30 9999 -35 -55 F -
29 31 9999 -30 -55 F -
29 32 9999 -25 -55 F -
29 33 9999 -20 -55 F -
29 34 9999 -15 -55 F -
29 35 9999 -10 -55 F -
29 36 9999 -5 -55 F -
29 37 9999 0 -55 F -
29 38 9999 5 -55 F -
29 39 9999 10 -55 F -
29 40 9999 15 -55 F -
29 41 9999 20 -55 F -
29 42 9999 25 -55 F -
29 43 9999 30 -55 F -
29 44 9999 35 -55 F -
29 45 9999 40 -55 F -
29 46 9999 45 -55 F -
29 47 9999 50 -55 F -
29 48 9999 55 -55 F -
29 49 9999 60 -55 F -
29 50 9999 65 -55 F -
29 51 9999 70 -55 F -
29 52 9999 75 -55 F -
29 53 9999 80 -55 F -
29 54 9999 85 -55 F -
29 55 9999 90 -55 F -
29 56 9999 95 -55 F -
29 57 9999 100 -55 F -
29 58 9999 105 -55 F -
29 59 9999 110 -55 F -
29 60 9999 115 -55 F -
29 61 9999 120 -55 F -
29 62 9999 125 -55 F -
29 63 9999 130 -55 F -
29 64 9999 135 -55 F -
29 65 9999 140 -55 F -
29 66 9999 145 -55 F -
29 67 9999 150 -55 F -
29 68 9999 155 -55 F -
29 69 9999 160 -55 F -
29 70 9999 165 -55 F -
29 71 9999 170 -55 F -
29 72 9999 175 -55 F -
30 1 9999 -180 -60 F -
30 2 9999 -175 -60 F -
30 3 9999 -170 -60 F -
30 4 9999 -165 -60 F -
30 5 9999 -160 -60 F -
30 6 9999 -155 -60 F -
30 7 9999 -150 -60 F -
30 8 9999 -145 -60 F -
30 9 9999 -140 -60 F -
30 10 9999 -135 -60 F -
30 11 9999 -130 -60 F -
30 12 9999 -125 -60 F -
30 13 9999 -120 -60 F -
30 14 9999 -115 -60 F -
30 15 9999 -110 -60 F -
30 16 9999 -105 -60 F -
30 17 9999 -100 -60 F -
30 18 9999 -95 -60 F -
30 19 9999 -90 -60 F -
30 20 9999 -85 -60 F -
30 21 9999 -80 -60 F -
30 22 9999 -75 -60 F -
30 23 9999 -70 -60 F -
30 24 9999 -65 -60 F -
30 25 9999 -60 -60 F -
30 26 9999 -55 -60 F -
30 27 9999 -50 -60 F -
30 28 9999 -45 -60 F -
30 29 9999 -40 -60 F -
30 30 9999 -35 -60 F -
30 31 9999 -30 -60 F -
30 32 9999 -25 -60 F -
30 33 9999 -20 -60 F -
30 34 9999 -15 -60 F -
30 35 9999 -10 -60 F -
30 36 9999 -5 -60 F -
30 37 9999 0 -60 F -
30 38 9999 5 -60 F -
30 39 9999 10 -60 F -
30 40 9999 15 -60 F -
30 41 9999 20 -60 F -
30 42 9999 25 -60 F -
30 43 9999 30 -60 F -
30 44 9999 35 -60 F -
30 45 9999 40 -60 F -
30 46 9999 45 -60 F -
30 47 9999 50 -60 F -
30 48 9999 55 -60 F -
30 49 9999 60 -60 F -
30 50 9999 65 -60 F -
30 51 9999 70 -60 F -
30 52 9999 75 -60 F -
30 53 9999 80 -60 F -
30 54 9999 85 -60 F -
30 55 9999 90 -60 F -
30 56 9999 95 -60 F -
30 57 9999 100 -60 F -
30 58 9999 105 -60 F -
30 59 9999 110 -60 F -
30 60 9999 115 -60 F -
30 61 9999 120 -60 F -
30 62 9999 125 -60 F -
30 63 9999 130 -60 F -
30 64 9999 135 -60 F -
30 65 9999 140 -60 F -
30 66 9999 145 -60 F -
30 67 9999 150 -60 F -
30 68 9999 155 -60 F -
30 69 9999 160 -60 F -
30 70 9999 165 -60 F -
30 71 9999 170 -60 F -
30 72 9999 175 -60 F -
31 1 9999 -180 -65 F -
31 2 9999 -175 -65 F -
31 3 9999 -170 -65 F -
31 4 9999 -165 -65 F -
31 5 9999 -160 -65 F -
31 6 9999 -155 -65 F -
31 7 9999 -150 -65 F -
31 8 9999 -145 -65 F -
31 9 9999 -140 -65 F -
31 10 9999 -135 -65 F -
31 11 9999 -130 -65 F -
31 12 9999 -125 -65 F -
31 13 9999 -120 -65 F -
31 14 9999 -115 -65 F -
31 15 9999 -110 -65 F -
31 16 9999 -105 -65 F -
31 17 9999 -100 -65 F -
31 18 9999 -95 -65 F -
31 19 9999 -90 -65 F -
31 20 9999 -85 -65 F -
31 21 9999 -80 -65 F -
31 22 9999 -75 -65 F -
31 23 9999 -70 -65 F -
31 24 9999 -65 -65 F -
31 25 9999 -60 -65 F -
31 26 9999 -55 -65 F -
31 27 9999 -50 -65 F -
31 28 9999 -45 -65 F -
31 29 9999 -40 -65 F -
31 30 9999 -35 -65 F -
31 31 9999 -30 -65 F -
31 32 9999 -25 -65 F -
31 33 9999 -20 -65 F -
31 34 9999 -15 -65 F -
31 35 9999 -10 -65 F -
31 36 9999 -5 -65 F -
31 37 9999 0 -65 F -
31 38 9999 5 -65 F -
31 39 9999 10 -65 F -
31 40 9999 15 -65 F -
31 41 9999 20 -65 F -
31 42 9999 25 -65 F -
31 43 9999 30 -65 F -
31 44 9999 35 -65 F -
31 45 9999 40 -65 F -
31 46 9999 45 -65 F -
31 47 9999 50 -65 F -
31 48 9999 55 -65 F -
31 49 9999 60 -65 F -
31 50 9999 65 -65 F -
31 51 9999 70 -65 F -
31 52 9999 75 -65 F -
31 53 9999 80 -65 F -
31 54 9999 85 -65 F -
31 55 9999 90 -65 F -
31 56 9999 95 -65 F -
31 57 9999 100 -65 F -
31 58 9999 105 -65 F -
31 59 9999 110 -65 F -
31 60 9999 115 -65 F -
31 61 9999 120 -65 F -
31 62 9999 125 -65 F -
31 63 9999 130 -65 F -
31 64 9999 135 -65 F -
31 65 9999 140 -65 F -
31 66 9999 145 -65 F -
31 67 9999 150 -65 F -
31 68 9999 155 -65 F -
31 69 9999 160 -65 F -
31 70 9999 165 -65 F -
31 71 9999 170 -65 F -
31 72 9999 175 -65 F -
32 1 9999 -180 -70 F -
32 2 9999 -175 -70 F -
32 3 9999 -170 -70 F -
32 4 9999 -165 -70 F -
32 5 9999 -160 -70 F -
32 6 9999 -155 -70 F -
32 7 9999 -150 -70 F -
32 8 9999 -145 -70 F -
32 9 9999 -140 -70 F -
32 10 9999 -135 -70 F -
32 11 9999 -130 -70 F -
32 12 9999 -125 -70 F -
32 13 9999 -120 -70 F -
32 14 9999 -115 -70 F -
32 15 9999 -110 -70 F -
32 16 9999 -105 -70 F -
32 17 9999 -100 -70 F -
32 18 9999 -95 -70 F -
32 19 9999 -90 -70 F -
32 20 9999 -85 -70 F -
32 21 9999 -80 -70 F -
32 22 9999 -75 -70 F -
32 23 9999 -70 -70 F -
32 24 9999 -65 -70 F -
32 25 9999 -60 -70 F -
32 26 9999 -55 -70 F -
32 27 9999 -50 -70 F -
32 28 9999 -45 -70 F -
32 29 9999 -40 -70 F -
32 30 9999 -35 -70 F -
32 31 9999 -30 -70 F -
32 32 9999 -25 -70 F -
32 33 9999 -20 -70 F -
32 34 9999 -15 -70 F -
32 35 9999 -10 -70 F -
32 36 9999 -5 -70 F -
32 37 9999 0 -70 F -
32 38 9999 5 -70 F -
32 39 9999 10 -70 F -
32 40 9999 15 -70 F -
32 41 9999 20 -70 F -
32 42 9999 25 -70 F -
32 43 9999 30 -70 F -
32 44 9999 35 -70 F -
32 45 9999 40 -70 F -
32 46 9999 45 -70 F -
32 47 9999 50 -70 F -
32 48 9999 55 -70 F -
32 49 9999 60 -70 F -
32 50 9999 65 -70 F -
32 51 9999 70 -70 F -
32 52 9999 75 -70 F -
32 53 9999 80 -70 F -
32 54 9999 85 -70 F -
32 55 9999 90 -70 F -
32 56 9999 95 -70 F -
32 57 9999 100 -70 F -
32 58 9999 105 -70 F -
32 59 9999 110 -70 F -
32 60 9999 115 -70 F -
32 61 9999 120 -70 F -
32 62 9999 125 -70 F -
32 63 9999 130 -70 F -
32 64 9999 135 -70 F -
32 65 9999 140 -70 F -
32 66 9999 145 -70 F -
32 67 9999 150 -70 F -
32 68 9999 155 -70 F -
32 69 9999 160 -70 F -
32 70 9999 165 -70 F -
32 71 9999 170 -70 F -
32 72 9999 175 -70 F -
33 1 9999 -180 -75 F -
33 2 9999 -175 -75 F -
33 3 9999 -170 -75 F -
33 4 9999 -165 -75 F -
33 5 9999 -160 -75 F -
33 6 9999 -155 -75 F -
33 7 9999 -150 -75 F -
33 8 9999 -145 -75 F -
33 9 9999 -140 -75 F -
33 10 9999 -135 -75 F -
33 11 9999 -130 -75 F -
33 12 9999 -125 -75 F -
33 13 9999 -120 -75 F -
33 14 9999 -115 -75 F -
33 15 9999 -110 -75 F -
33 16 9999 -105 -75 F -
33 17 9999 -100 -75 F -
33 18 9999 -95 -75 F -
33 19 9999 -90 -75 F -
33 20 9999 -85 -75 F -
33 21 9999 -80 -75 F -
33 22 9999 -75 -75 F -
33 23 9999 -70 -75 F -
33 24 9999 -65 -75 F -
33 25 9999 -60 -75 F -
33 26 9999 -55 -75 F -
33 27 9999 -50 -75 F -
33 28 9999 -45 -75 F -
33 29 9999 -40 -75 F -
33 30 9999 -35 -75 F -
33 31 9999 -30 -75 F -
33 32 9999 -25 -75 F -
33 33 9999 -20 -75 F -
33 34 9999 -15 -75 F -
33 35 9999 -10 -75 F -
33 36 9999 -5 -75 F -
33 37 9999 0 -75 F -
33 38 9999 5 -75 F -
33 39 9999 10 -75 F -
33 40 9999 15 -75 F -
33 41 9999 20 -75 F -
33 42 9999 25 -75 F -
33 43 9999 30 -75 F -
33 44 9999 35 -75 F -
33 45 9999 40 -75 F -
33 46 9999 45 -75 F -
33 47 9999 50 -75 F -
33 48 9999 55 -75 F -
33 49 9999 60 -75 F -
33 50 9999 65 -75 F -
33 51 9999 70 -75 F -
33 52 9999 75 -75 F -
33 53 9999 80 -75 F -
33 54 9999 85 -75 F -
33 55 9999 90 -75 F -
33 56 9999 95 -75 F -
33 57 9999 100 -75 F -
33 58 9999 105 -75 F -
33 59 9999 110 -75 F -
33 60 9999 115 -75 F -
33 61 9999 120 -75 F -
33 62 9999 125 -75 F -
33 63 9999 130 -75 F -
33 64 9999 135 -75 F -
33 65 9999 140 -75 F -
33 66 9999 145 -75 F -
33 67 9999 150 -75 F -
33 68 9999 155 -75 F -
33 69 9999 160 -75 F -
33 70 9999 165 -75 F -
33 71 9999 170 -75 F -
33 72 9999 175 -75 F -
34 1 9999 -180 -80 F -
34 2 9999 -175 -80 F -
34 3 9999 -170 -80 F -
34 4 9999 -165 -80 F -
34 5 9999 -160 -80 F -
34 6 9999 -155 -80 F -
34 7 9999 -150 -80 F -
34 8 9999 -145 -80 F -
34 9 9999 -140 -80 F -
34 10 9999 -135 -80 F -
34 11 9999 -130 -80 F -
34 12 9999 -125 -80 F -
34 13 9999 -120 -80 F -
34 14 9999 -115 -80 F -
34 15 9999 -110 -80 F -
34 16 9999 -105 -80 F -
34 17 9999 -100 -80 F -
34 18 9999 -95 -80 F -
34 19 9999 -90 -80 F -
34 20 9999 -85 -80 F -
34 21 9999 -80 -80 F -
34 22 9999 -75 -80 F -
34 23 9999 -70 -80 F -
34 24 9999 -65 -80 F -
34 25 9999 -60 -80 F -
34 26 9999 -55 -80 F -
34 27 9999 -50 -80 F -
34 28 9999 -45 -80 F -
34 29 9999 -40 -80 F -
34 30 9999 -35 -80 F -
34 31 9999 -30 -80 F -
34 32 9999 -25 -80 F -
34 33 9999 -20 -80 F -
34 34 9999 -15 -80 F -
34 35 9999 -10 -80 F -
34 36 9999 -5 -80 F -
34 37 9999 0 -80 F -
34 38 9999 5 -80 F -
34 39 9999 10 -80 F -
34 40 9999 15 -80 F -
34 41 9999 20 -80 F -
34 42 9999 25 -80 F -
34 43 9999 30 -80 F -
34 44 9999 35 -80 F -
34 45 9999 40 -80 F -
34 46 9999 45 -80 F -
34 47 9999 50 -80 F -
34 48 9999 55 -80 F -
34 49 9999 60 -80 F -
34 50 9999 65 -80 F -
34 51 9999 70 -80 F -
34 52 9999 75 -80 F -
34 53 9999 80 -80 F -
34 54 9999 85 -80 F -
34 55 9999 90 -80 F -
34 56 9999 95 -80 F -
34 57 9999 100 -80 F -
34 58 9999 105 -80 F -
34 59 9999 110 -80 F -
34 60 9999 115 -80 F -
34 61 9999 120 -80 F -
34 62 9999 125 -80 F -
34 63 9999 130 -80 F -
34 64 9999 135 -80 F -
34 65 9999 140 -80 F -
34 66 9999 145 -80 F -
34 67 9999 150 -80 F -
34 68 9999 155 -80 F -
34 69 9999 160 -80 F -
34 70 9999 165 -80 F -
34 71 9999 170 -80 F -
34 72 9999 175 -80 F -
35 1 9999 -180 -85 F -
35 2 9999 -175 -85 F -
35 3 9999 -170 -85 F -
35 4 9999 -165 -85 F -
35 5 9999 -160 -85 F -
35 6 9999 -155 -85 F -
35 7 9999 -150 -85 F -
35 8 9999 -145 -85 F -
35 9 9999 -140 -85 F -
35 10 9999 -135 -85 F -
35 11 9999 -130 -85 F -
35 12 9999 -125 -85 F -
35 13 9999 -120 -85 F -
35 14 9999 -115 -85 F -
35 15 9999 -110 -85 F -
35 16 9999 -105 -85 F -
35 17 9999 -100 -85 F -
35 18 9999 -95 -85 F -
35 19 9999 -90 -85 F -
35 20 9999 -85 -85 F -
35 21 9999 -80 -85 F -
35 22 9999 -75 -85 F -
35 23 9999 -70 -85 F -
35 24 9999 -65 -85 F -
35 25 9999 -60 -85 F -
35 26 9999 -55 -85 F -
35 27 9999 -50 -85 F -
35 28 9999 -45 -85 F -
35 29 9999 -40 -85 F -
35 30 9999 -35 -85 F -
35 31 9999 -30 -85 F -
35 32 9999 -25 -85 F -
35 33 9999 -20 -85 F -
35 34 9999 -15 -85 F -
35 35 9999 -10 -85 F -
35 36 9999 -5 -85 F -
35 37 9999 0 -85 F -
35 38 9999 5 -85 F -
35 39 9999 10 -85 F -
35 40 9999 15 -85 F -
35 41 9999 20 -85 F -
35 42 9999 25 -85 F -
35 43 9999 30 -85 F -
35 44 9999 35 -85 F -
35 45 9999 40 -85 F -
35 46 9999 45 -85 F -
35 47 9999 50 -85 F -
35 48 9999 55 -85 F -
35 49 9999 60 -85 F -
35 50 9999 65 -85 F -
35 51 9999 70 -85 F -
35 52 9999 75 -85 F -
35 53 9999 80 -85 F -
35 54 9999 85 -85 F -
35 55 9999 90 -85 F -
35 56 9999 95 -85 F -
35 57 9999 100 -85 F -
35 58 9999 105 -85 F -
35 59 9999 110 -85 F -
35 60 9999 115 -85 F -
35 61 9999 120 -85 F -
35 62 9999 125 -85 F -
35 63 9999 130 -85 F -
35 64 9999 135 -85 F -
35 65 9999 140 -85 F -
35 66 9999 145 -85 F -
35 67 9999 150 -85 F -
35 68 9999 155 -85 F -
35 69 9999 160 -85 F -
35 70 9999 165 -85 F -
35 71 9999 170 -85 F -
35 72 9999 175 -85 F -
1 1 9999 -180 85 F -
1 2 9999 -175 85 F -
1 3 9999 -170 85 F -
1 4 9999 -165 85 F -
1 5 9999 -160 85 F -
1 6 9999 -155 85 F -
1 7 9999 -150 85 F -
1 8 9999 -145 85 F -
1 9 9999 -140 85 F -
1 10 9999 -135 85 F -
1 11 9999 -130 85 F -
1 12 9999 -125 85 F -
1 13 185 -120 85 T 2015 01 05 17 29 27
1 14 9999 -115 85 F -
1 15 9999 -110 85 F -
1 16 9999 -105 85 F -
1 17 177 -100 85 T 2015 01 05 17 29 27
1 18 9999 -95 85 F -
1 19 9999 -90 85 F -
1 20 9999 -85 85 F -
1 21 154 -80 85 T 2015 01 05 17 29 27
1 22 9999 -75 85 F -
1 23 9999 -70 85 F -
1 24 9999 -65 85 F -
1 25 139 -60 85 T 2015 01 05 17 29 27
1 26 9999 -55 85 F -
1 27 9999 -50 85 F -
1 28 9999 -45 85 F -
1 29 123 -40 85 T 2015 01 05 17 29 27
1 30 9999 -35 85 F -
1 31 9999 -30 85 F -
1 32 9999 -25 85 F -
1 33 115 -20 85 T 2015 01 05 17 29 27
1 34 9999 -15 85 F -
1 35 9999 -10 85 F -
1 36 9999 -5 85 F -
1 37 108 0 85 T 2015 01 05 17 29 27
1 38 9999 5 85 F -
1 39 9999 10 85 F -
1 40 9999 15 85 F -
1 41 9999 20 85 F -
1 42 9999 25 85 F -
1 43 9999 30 85 F -
1 44 9999 35 85 F -
1 45 9999 40 85 F -
1 46 9999 45 85 F -
1 47 9999 50 85 F -
1 48 9999 55 85 F -
1 49 9999 60 85 F -
1 50 9999 65 85 F -
1 51 9999 70 85 F -
1 52 9999 75 85 F -
1 53 9999 80 85 F -
1 54 9999 85 85 F -
1 55 9999 90 85 F -
1 56 9999 95 85 F -
1 57 9999 100 85 F -
1 58 9999 105 85 F -
1 59 9999 110 85 F -
1 60 9999 115 85 F -
1 61 9999 120 85 F -
1 62 9999 125 85 F -
1 63 9999 130 85 F -
1 64 9999 135 85 F -
1 65 9999 140 85 F -
1 66 9999 145 85 F -
1 67 9999 150 85 F -
1 68 9999 155 85 F -
1 69 9999 160 85 F -
1 70 9999 165 85 F -
1 71 9999 170 85 F -
1 72 9999 175 85 F -
